Benchmark for SF.cedge
----------------------------------------------------------
| Iteration | #T Delta | #Join | #Deduplicated join | #Union | #Deduplicated Union | Join(s) | Union(s) | Deduplication(s) | Memory clear(s)|
| --- | --- | --- | --- | --- | --- | --- | --- | --- | --- |
| 1 | 223,001 | 273,550 | 258,428 | 481,429 | 476,246 | 0.0023 | 0.0017 | 0.0016 | 0.0016 |
| 2 | 258,428 | 318,592 | 297,179 | 773,425 | 755,982 | 0.0024 | 0.0017 | 0.0016 | 0.0016 |
| 3 | 297,179 | 368,393 | 340,027 | 1,096,009 | 1,056,726 | 0.0024 | 0.0017 | 0.0016 | 0.0016 |
| 4 | 340,027 | 424,590 | 388,465 | 1,445,191 | 1,376,010 | 0.0045 | 0.0017 | 0.0016 | 0.0016 |
| 5 | 388,465 | 488,650 | 443,213 | 1,819,223 | 1,711,750 | 0.0023 | 0.0017 | 0.0016 | 0.0016 |
| 6 | 443,213 | 561,416 | 504,535 | 2,216,285 | 2,062,150 | 0.0023 | 0.0017 | 0.0017 | 0.0016 |
| 7 | 504,535 | 644,182 | 573,556 | 2,635,706 | 2,426,401 | 0.0019 | 0.0017 | 0.0017 | 0.0020 |
| 8 | 573,556 | 737,314 | 650,327 | 3,076,728 | 2,803,627 | 0.0036 | 0.0039 | 0.0035 | 0.0016 |
| 9 | 650,327 | 842,181 | 735,590 | 3,539,217 | 3,193,373 | 0.0036 | 0.0039 | 0.0035 | 0.0016 |
| 10 | 735,590 | 959,054 | 829,452 | 4,022,825 | 3,595,385 | 0.0046 | 0.0039 | 0.0035 | 0.0016 |
| 11 | 829,452 | 1,088,575 | 932,759 | 4,528,144 | 4,009,951 | 0.0036 | 0.0039 | 0.0035 | 0.0016 |
| 12 | 932,759 | 1,231,017 | 1,045,446 | 5,055,397 | 4,437,031 | 0.0036 | 0.0039 | 0.0035 | 0.0016 |
| 13 | 1,045,446 | 1,386,333 | 1,167,469 | 5,604,500 | 4,876,068 | 0.0036 | 0.0039 | 0.0035 | 0.0017 |
| 14 | 1,167,469 | 1,554,609 | 1,298,788 | 6,174,856 | 5,326,697 | 0.0036 | 0.0038 | 0.0046 | 0.0017 |
| 15 | 1,298,788 | 1,735,642 | 1,439,204 | 6,765,901 | 5,788,461 | 0.0047 | 0.0039 | 0.0036 | 0.0017 |
| 16 | 1,439,204 | 1,929,329 | 1,588,293 | 7,376,754 | 6,260,652 | 0.0039 | 0.0039 | 0.0053 | 0.0017 |
| 17 | 1,588,293 | 2,134,672 | 1,745,552 | 8,006,204 | 6,742,695 | 0.0047 | 0.0039 | 0.0046 | 0.0017 |
| 18 | 1,745,552 | 2,350,968 | 1,910,098 | 8,652,793 | 7,233,796 | 0.0047 | 0.0039 | 0.0046 | 0.0017 |
| 19 | 1,910,098 | 2,578,146 | 2,082,226 | 9,316,022 | 7,733,688 | 0.0047 | 0.0039 | 0.0046 | 0.0017 |
| 20 | 2,082,226 | 2,815,824 | 2,261,690 | 9,995,378 | 8,241,532 | 0.0047 | 0.0039 | 0.0046 | 0.0017 |
| 21 | 2,261,690 | 3,064,418 | 2,448,444 | 10,689,976 | 8,756,848 | 0.0047 | 0.0039 | 0.0046 | 0.0039 |
| 22 | 2,448,444 | 3,323,204 | 2,642,134 | 11,398,982 | 9,279,010 | 0.0047 | 0.0035 | 0.0046 | 0.0021 |
| 23 | 2,642,134 | 3,592,115 | 2,842,783 | 12,121,793 | 9,807,603 | 0.0046 | 0.0035 | 0.0050 | 0.0018 |
| 24 | 2,842,783 | 3,870,356 | 3,049,532 | 12,857,135 | 10,341,798 | 0.0047 | 0.0039 | 0.0046 | 0.0018 |
| 25 | 3,049,532 | 4,157,659 | 3,262,011 | 13,603,809 | 10,881,222 | 0.0047 | 0.0039 | 0.0046 | 0.0018 |
| 26 | 3,262,011 | 4,453,137 | 3,479,859 | 14,361,081 | 11,425,295 | 0.0057 | 0.0038 | 0.0047 | 0.0018 |
| 27 | 3,479,859 | 4,756,210 | 3,702,563 | 15,127,858 | 11,973,638 | 0.0047 | 0.0038 | 0.0047 | 0.0018 |
| 28 | 3,702,563 | 5,065,648 | 3,930,141 | 15,903,779 | 12,526,796 | 0.0047 | 0.0038 | 0.0047 | 0.0018 |
| 29 | 3,930,141 | 5,382,083 | 4,162,826 | 16,689,622 | 13,084,624 | 0.0047 | 0.0042 | 0.0096 | 0.0018 |
| 30 | 4,162,826 | 5,704,910 | 4,399,940 | 17,484,564 | 13,646,848 | 0.0047 | 0.0038 | 0.0047 | 0.0018 |
| 31 | 4,399,940 | 6,031,813 | 4,639,830 | 18,286,678 | 14,212,245 | 0.0047 | 0.0038 | 0.0057 | 0.0019 |
| 32 | 4,639,830 | 6,361,553 | 4,881,763 | 19,094,008 | 14,779,678 | 0.0047 | 0.0038 | 0.0057 | 0.0019 |
| 33 | 4,881,763 | 6,693,915 | 5,125,489 | 19,905,167 | 15,348,483 | 0.0047 | 0.0038 | 0.0057 | 0.0020 |
| 34 | 5,125,489 | 7,028,813 | 5,370,961 | 20,719,444 | 15,918,265 | 0.0047 | 0.0038 | 0.0058 | 0.0020 |
| 35 | 5,370,961 | 7,365,323 | 5,617,281 | 21,535,546 | 16,488,145 | 0.0047 | 0.0036 | 0.0133 | 0.0020 |
| 36 | 5,617,281 | 7,702,734 | 5,863,799 | 22,351,944 | 17,057,403 | 0.0047 | 0.0038 | 0.0068 | 0.0020 |
| 37 | 5,863,799 | 8,040,368 | 6,110,246 | 23,167,649 | 17,625,807 | 0.0047 | 0.0039 | 0.0067 | 0.0020 |
| 38 | 6,110,246 | 8,378,572 | 6,356,681 | 23,982,488 | 18,193,301 | 0.0048 | 0.0038 | 0.0067 | 0.0019 |
| 39 | 6,356,681 | 8,716,701 | 6,602,554 | 24,795,855 | 18,759,980 | 0.0048 | 0.0037 | 0.0068 | 0.0020 |
| 40 | 6,602,554 | 9,054,115 | 6,847,726 | 25,607,706 | 19,325,886 | 0.0047 | 0.0038 | 0.0067 | 0.0020 |
| 41 | 6,847,726 | 9,391,166 | 7,092,498 | 26,418,384 | 19,890,746 | 0.0048 | 0.0038 | 0.0067 | 0.0021 |
| 42 | 7,092,498 | 9,727,420 | 7,336,065 | 27,226,811 | 20,454,047 | 0.0048 | 0.0038 | 0.0067 | 0.0021 |
| 43 | 7,336,065 | 10,062,400 | 7,578,681 | 28,032,728 | 21,015,866 | 0.0047 | 0.0038 | 0.0068 | 0.0020 |
| 44 | 7,578,681 | 10,396,328 | 7,820,628 | 28,836,494 | 21,576,436 | 0.0048 | 0.0036 | 0.0070 | 0.0021 |
| 45 | 7,820,628 | 10,729,460 | 8,061,532 | 29,637,968 | 22,135,333 | 0.0048 | 0.0038 | 0.0067 | 0.0022 |
| 46 | 8,061,532 | 11,062,087 | 8,302,092 | 30,437,425 | 22,693,109 | 0.0047 | 0.0038 | 0.0078 | 0.0021 |
| 47 | 8,302,092 | 11,394,600 | 8,542,202 | 31,235,311 | 23,249,591 | 0.0047 | 0.0037 | 0.0080 | 0.0022 |
| 48 | 8,542,202 | 11,726,739 | 8,781,537 | 32,031,128 | 23,804,594 | 0.0048 | 0.0037 | 0.0078 | 0.0021 |
| 49 | 8,781,537 | 12,057,813 | 9,019,517 | 32,824,111 | 24,357,862 | 0.0048 | 0.0037 | 0.0077 | 0.0021 |
| 50 | 9,019,517 | 12,386,995 | 9,255,908 | 33,613,770 | 24,909,212 | 0.0047 | 0.0037 | 0.0079 | 0.0022 |
| 51 | 9,255,908 | 12,713,631 | 9,490,710 | 34,399,922 | 25,458,554 | 0.0048 | 0.0036 | 0.0079 | 0.0022 |
| 52 | 9,490,710 | 13,039,048 | 9,724,827 | 35,183,381 | 26,006,351 | 0.0048 | 0.0046 | 0.0080 | 0.0022 |
| 53 | 9,724,827 | 13,363,019 | 9,957,993 | 35,964,344 | 26,552,384 | 0.0048 | 0.0048 | 0.0078 | 0.0022 |
| 54 | 9,957,993 | 13,685,341 | 10,189,846 | 36,742,230 | 27,096,892 | 0.0049 | 0.0048 | 0.0077 | 0.0021 |
| 55 | 10,189,846 | 14,005,430 | 10,419,830 | 37,516,722 | 27,639,482 | 0.0049 | 0.0047 | 0.0078 | 0.0023 |
| 56 | 10,419,830 | 14,323,368 | 10,647,646 | 38,287,128 | 28,179,796 | 0.0049 | 0.0046 | 0.0079 | 0.0022 |
| 57 | 10,647,646 | 14,638,308 | 10,873,097 | 39,052,893 | 28,717,697 | 0.0049 | 0.0048 | 0.0077 | 0.0022 |
| 58 | 10,873,097 | 14,950,050 | 11,096,484 | 39,814,181 | 29,253,290 | 0.0049 | 0.0048 | 0.0088 | 0.0022 |
| 59 | 11,096,484 | 15,259,215 | 11,318,223 | 40,571,513 | 29,786,407 | 0.0049 | 0.0047 | 0.0099 | 0.0022 |
| 60 | 11,318,223 | 15,566,165 | 11,538,193 | 41,324,600 | 30,316,892 | 0.0050 | 0.0048 | 0.0088 | 0.0022 |
| 61 | 11,538,193 | 15,870,546 | 11,755,907 | 42,072,799 | 30,844,793 | 0.0050 | 0.0048 | 0.0098 | 0.0022 |
| 62 | 11,755,907 | 16,171,701 | 11,970,992 | 42,815,785 | 31,369,749 | 0.0050 | 0.0047 | 0.0098 | 0.0022 |
| 63 | 11,970,992 | 16,469,359 | 12,183,468 | 43,553,217 | 31,891,466 | 0.0050 | 0.0048 | 0.0087 | 0.0022 |
| 64 | 12,183,468 | 16,763,815 | 12,393,580 | 44,285,046 | 32,409,890 | 0.0050 | 0.0045 | 0.0089 | 0.0024 |
| 65 | 12,393,580 | 17,055,509 | 12,601,396 | 45,011,286 | 32,925,490 | 0.0050 | 0.0045 | 0.0101 | 0.0024 |
| 66 | 12,601,396 | 17,343,549 | 12,806,514 | 45,732,004 | 33,437,622 | 0.0049 | 0.0047 | 0.0099 | 0.0024 |
| 67 | 12,806,514 | 17,627,913 | 13,008,994 | 46,446,616 | 33,946,228 | 0.0050 | 0.0047 | 0.0098 | 0.0024 |
| 68 | 13,008,994 | 17,908,835 | 13,209,201 | 47,155,429 | 34,451,545 | 0.0048 | 0.0047 | 0.0100 | 0.0023 |
| 69 | 13,209,201 | 18,185,941 | 13,406,759 | 47,858,304 | 34,953,666 | 0.0050 | 0.0046 | 0.0099 | 0.0023 |
| 70 | 13,406,759 | 18,459,854 | 13,601,867 | 48,555,533 | 35,452,811 | 0.0050 | 0.0044 | 0.0100 | 0.0025 |
| 71 | 13,601,867 | 18,730,602 | 13,794,776 | 49,247,587 | 35,949,111 | 0.0050 | 0.0047 | 0.0099 | 0.0026 |
| 72 | 13,794,776 | 18,998,073 | 13,985,408 | 49,934,519 | 36,442,445 | 0.0049 | 0.0047 | 0.0100 | 0.0023 |
| 73 | 13,985,408 | 19,262,162 | 14,173,393 | 50,615,838 | 36,932,782 | 0.0050 | 0.0050 | 0.0096 | 0.0024 |
| 74 | 14,173,393 | 19,523,124 | 14,358,843 | 51,291,625 | 37,420,101 | 0.0050 | 0.0045 | 0.0111 | 0.0023 |
| 75 | 14,358,843 | 19,781,458 | 14,542,560 | 51,962,661 | 37,904,568 | 0.0051 | 0.0047 | 0.0108 | 0.0024 |
| 76 | 14,542,560 | 20,038,333 | 14,724,948 | 52,629,516 | 38,386,437 | 0.0051 | 0.0045 | 0.0099 | 0.0037 |
| 77 | 14,724,948 | 20,293,030 | 14,905,832 | 53,292,269 | 38,865,648 | 0.0050 | 0.0044 | 0.0111 | 0.0025 |
| 78 | 14,905,832 | 20,546,420 | 15,085,380 | 53,951,028 | 39,341,838 | 0.0050 | 0.0047 | 0.0120 | 0.0027 |
| 79 | 15,085,380 | 20,798,084 | 15,263,368 | 54,605,206 | 39,814,740 | 0.0070 | 0.0158 | 0.0112 | 0.0027 |
| 80 | 15,263,368 | 21,047,031 | 15,439,408 | 55,254,148 | 40,284,305 | 0.0071 | 0.0046 | 0.0233 | 0.0069 |
| 81 | 15,439,408 | 21,293,750 | 15,613,398 | 55,897,703 | 40,750,481 | 0.0050 | 0.0047 | 0.0110 | 0.0026 |
| 82 | 15,613,398 | 21,537,727 | 15,785,334 | 56,535,815 | 41,213,907 | 0.0061 | 0.0057 | 0.0108 | 0.0025 |
| 83 | 15,785,334 | 21,778,505 | 15,955,256 | 57,169,163 | 41,674,629 | 0.0114 | 0.0057 | 0.0109 | 0.0024 |
| 84 | 15,955,256 | 22,016,247 | 16,123,566 | 57,798,195 | 42,132,970 | 0.0051 | 0.0044 | 0.0112 | 0.0025 |
| 85 | 16,123,566 | 22,251,558 | 16,290,220 | 58,423,190 | 42,589,055 | 0.0051 | 0.0047 | 0.0108 | 0.0025 |
| 86 | 16,290,220 | 22,484,804 | 16,455,649 | 59,044,704 | 43,042,721 | 0.0051 | 0.0045 | 0.0110 | 0.0026 |
| 87 | 16,455,649 | 22,715,392 | 16,619,166 | 59,661,887 | 43,493,531 | 0.0048 | 0.0047 | 0.0112 | 0.0025 |
| 88 | 16,619,166 | 22,942,887 | 16,780,634 | 60,274,165 | 43,941,165 | 0.0052 | 0.0046 | 0.0109 | 0.0028 |
| 89 | 16,780,634 | 23,166,602 | 16,939,995 | 60,881,160 | 44,385,331 | 0.0050 | 0.0047 | 0.0110 | 0.0025 |
| 90 | 16,939,995 | 23,386,934 | 17,097,292 | 61,482,623 | 44,826,120 | 0.0052 | 0.0046 | 0.0108 | 0.0028 |
| 91 | 17,097,292 | 23,603,656 | 17,252,053 | 62,078,173 | 45,263,361 | 0.0052 | 0.0045 | 0.0109 | 0.0026 |
| 92 | 17,252,053 | 23,816,647 | 17,404,562 | 62,667,923 | 45,697,225 | 0.0051 | 0.0045 | 0.0120 | 0.0026 |
| 93 | 17,404,562 | 24,026,604 | 17,555,219 | 63,252,444 | 46,127,985 | 0.0062 | 0.0045 | 0.0110 | 0.0026 |
| 94 | 17,555,219 | 24,234,735 | 17,705,057 | 63,833,042 | 46,556,237 | 0.0051 | 0.0047 | 0.0119 | 0.0026 |
| 95 | 17,705,057 | 24,441,403 | 17,853,671 | 64,409,908 | 46,981,573 | 0.0062 | 0.0049 | 0.0105 | 0.0027 |
| 96 | 17,853,671 | 24,645,836 | 18,000,988 | 64,982,561 | 47,403,868 | 0.0052 | 0.0056 | 0.0120 | 0.0026 |
| 97 | 18,000,988 | 24,847,904 | 18,146,687 | 65,550,555 | 47,822,709 | 0.0063 | 0.0048 | 0.0116 | 0.0028 |
| 98 | 18,146,687 | 25,047,044 | 18,290,708 | 66,113,417 | 48,238,000 | 0.0052 | 0.0045 | 0.0119 | 0.0027 |
| 99 | 18,290,708 | 25,243,670 | 18,432,995 | 66,670,995 | 48,649,760 | 0.0063 | 0.0043 | 0.0122 | 0.0026 |
| 100 | 18,432,995 | 25,437,766 | 18,573,442 | 67,223,202 | 49,058,284 | 0.0063 | 0.0047 | 0.0118 | 0.0026 |
| 101 | 18,573,442 | 25,629,859 | 18,712,279 | 67,770,563 | 49,463,876 | 0.0051 | 0.0045 | 0.0120 | 0.0029 |
| 102 | 18,712,279 | 25,819,883 | 18,849,737 | 68,313,613 | 49,866,997 | 0.0063 | 0.0044 | 0.0121 | 0.0027 |
| 103 | 18,849,737 | 26,007,398 | 18,985,676 | 68,852,673 | 50,267,588 | 0.0052 | 0.0046 | 0.0119 | 0.0026 |
| 104 | 18,985,676 | 26,192,595 | 19,119,931 | 69,387,519 | 50,665,511 | 0.0063 | 0.0054 | 0.0121 | 0.0029 |
| 105 | 19,119,931 | 26,375,370 | 19,253,010 | 69,918,521 | 51,061,106 | 0.0050 | 0.0046 | 0.0121 | 0.0027 |
| 106 | 19,253,010 | 26,556,156 | 19,384,369 | 70,445,475 | 51,454,139 | 0.0052 | 0.0046 | 0.0119 | 0.0026 |
| 107 | 19,384,369 | 26,734,731 | 19,513,758 | 70,967,897 | 51,844,140 | 0.0053 | 0.0047 | 0.0117 | 0.0029 |
| 108 | 19,513,758 | 26,910,500 | 19,641,336 | 71,485,476 | 52,231,327 | 0.0053 | 0.0052 | 0.0119 | 0.0032 |
| 109 | 19,641,336 | 27,083,791 | 19,767,208 | 71,998,535 | 52,615,475 | 0.0052 | 0.0045 | 0.0120 | 0.0030 |
| 110 | 19,767,208 | 27,254,929 | 19,891,769 | 72,507,244 | 52,996,813 | 0.0053 | 0.0048 | 0.0117 | 0.0028 |
| 111 | 19,891,769 | 27,423,682 | 20,015,281 | 73,012,094 | 53,375,817 | 0.0053 | 0.0056 | 0.0118 | 0.0028 |
| 112 | 20,015,281 | 27,590,491 | 20,137,769 | 73,513,586 | 53,752,812 | 0.0053 | 0.0046 | 0.0119 | 0.0027 |
| 113 | 20,137,769 | 27,755,307 | 20,258,768 | 74,011,580 | 54,127,794 | 0.0063 | 0.0048 | 0.0117 | 0.0028 |
| 114 | 20,258,768 | 27,917,317 | 20,378,203 | 74,505,997 | 54,500,796 | 0.0061 | 0.0056 | 0.0121 | 0.0027 |
| 115 | 20,378,203 | 28,077,053 | 20,496,578 | 74,997,374 | 54,872,132 | 0.0063 | 0.0068 | 0.0118 | 0.0030 |
| 116 | 20,496,578 | 28,234,697 | 20,613,881 | 75,486,013 | 55,241,914 | 0.0063 | 0.0061 | 0.0135 | 0.0027 |
| 117 | 20,613,881 | 28,391,422 | 20,730,849 | 75,972,763 | 55,610,441 | 0.0053 | 0.0056 | 0.0129 | 0.0049 |
| 118 | 20,730,849 | 28,547,403 | 20,847,483 | 76,457,924 | 55,977,545 | 0.0064 | 0.0059 | 0.0116 | 0.0028 |
| 119 | 20,847,483 | 28,702,739 | 20,963,966 | 76,941,511 | 56,343,282 | 0.0064 | 0.0066 | 0.0119 | 0.0028 |
| 120 | 20,963,966 | 28,857,160 | 21,080,057 | 77,423,339 | 56,707,575 | 0.0074 | 0.0054 | 0.0121 | 0.0028 |
| 121 | 21,080,057 | 29,011,088 | 21,196,025 | 77,903,600 | 57,070,595 | 0.0064 | 0.0065 | 0.0120 | 0.0029 |
| 122 | 21,196,025 | 29,164,189 | 21,311,392 | 78,381,987 | 57,431,978 | 0.0063 | 0.0056 | 0.0130 | 0.0028 |
| 123 | 21,311,392 | 29,315,668 | 21,425,729 | 78,857,707 | 57,791,689 | 0.0063 | 0.0069 | 0.0117 | 0.0029 |
| 124 | 21,425,729 | 29,465,762 | 21,539,122 | 79,330,811 | 58,150,108 | 0.0063 | 0.0056 | 0.0130 | 0.0028 |
| 125 | 21,539,122 | 29,613,971 | 21,651,407 | 79,801,515 | 58,507,184 | 0.0064 | 0.0066 | 0.0130 | 0.0031 |
| 126 | 21,651,407 | 29,760,626 | 21,763,206 | 80,270,390 | 58,863,245 | 0.0063 | 0.0065 | 0.0131 | 0.0028 |
| 127 | 21,763,206 | 29,906,955 | 21,875,190 | 80,738,435 | 59,218,664 | 0.0063 | 0.0056 | 0.0130 | 0.0028 |
| 128 | 21,875,190 | 30,053,688 | 21,987,742 | 81,206,406 | 59,573,836 | 0.0074 | 0.0062 | 0.0133 | 0.0030 |
| 129 | 21,987,742 | 30,200,950 | 22,101,342 | 81,675,178 | 59,929,167 | 0.0075 | 0.0067 | 0.0128 | 0.0029 |
| 130 | 22,101,342 | 30,349,198 | 22,215,770 | 82,144,937 | 60,284,508 | 0.0062 | 0.0066 | 0.0131 | 0.0031 |
| 131 | 22,215,770 | 30,497,844 | 22,330,698 | 82,615,206 | 60,639,440 | 0.0074 | 0.0065 | 0.0131 | 0.0029 |
| 132 | 22,330,698 | 30,646,951 | 22,446,155 | 83,085,595 | 60,994,007 | 0.0063 | 0.0308 | 0.0131 | 0.0028 |
| 133 | 22,446,155 | 30,796,713 | 22,562,021 | 83,556,028 | 61,348,377 | 0.0075 | 0.0224 | 0.0129 | 0.0031 |
| 134 | 22,562,021 | 30,947,143 | 22,678,439 | 84,026,816 | 61,702,405 | 0.0075 | 0.0062 | 0.0133 | 0.0030 |
| 135 | 22,678,439 | 31,097,770 | 22,795,195 | 84,497,600 | 62,055,865 | 0.0064 | 0.0402 | 0.0203 | 0.0028 |
| 136 | 22,795,195 | 31,248,410 | 22,911,868 | 84,967,733 | 62,408,260 | 0.0063 | 0.0192 | 0.0141 | 0.0029 |
| 137 | 22,911,868 | 31,398,323 | 23,028,300 | 85,436,560 | 62,759,153 | 0.0064 | 0.0348 | 0.0193 | 0.0029 |
| 138 | 23,028,300 | 31,547,128 | 23,143,861 | 85,903,014 | 63,107,949 | 0.0065 | 0.0298 | 0.0128 | 0.0029 |
| 139 | 23,143,861 | 31,694,131 | 23,258,109 | 86,366,058 | 63,454,403 | 0.0075 | 0.0433 | 0.0129 | 0.0029 |
| 140 | 23,258,109 | 31,839,577 | 23,371,363 | 86,825,766 | 63,798,667 | 0.0063 | 0.0202 | 0.0141 | 0.0029 |
| 141 | 23,371,363 | 31,983,716 | 23,483,834 | 87,282,501 | 64,141,120 | 0.0065 | 0.0202 | 0.0140 | 0.0029 |
| 142 | 23,483,834 | 32,127,505 | 23,596,378 | 87,737,498 | 64,482,480 | 0.0083 | 0.0213 | 0.0141 | 0.0030 |
| 143 | 23,596,378 | 32,271,220 | 23,708,639 | 88,191,119 | 64,822,707 | 0.0109 | 0.0070 | 0.0247 | 0.0040 |
| 144 | 23,708,639 | 32,414,507 | 23,820,573 | 88,643,280 | 65,161,915 | 0.0149 | 0.0475 | 0.0140 | 0.0097 |
| 145 | 23,820,573 | 32,557,132 | 23,931,864 | 89,093,779 | 65,499,978 | 0.0065 | 0.0065 | 0.0140 | 0.0029 |
| 146 | 23,931,864 | 32,698,118 | 24,041,537 | 89,541,515 | 65,836,150 | 0.0063 | 0.0128 | 0.0141 | 0.0030 |
| 147 | 24,041,537 | 32,836,886 | 24,149,532 | 89,985,682 | 66,170,073 | 0.0064 | 0.0296 | 0.0130 | 0.0031 |
| 148 | 24,149,532 | 32,973,561 | 24,256,198 | 90,426,271 | 66,502,122 | 0.0064 | 0.0223 | 0.0140 | 0.0032 |
| 149 | 24,256,198 | 33,108,139 | 24,361,761 | 90,863,883 | 66,832,236 | 0.0064 | 0.0213 | 0.0276 | 0.0029 |
| 150 | 24,361,761 | 33,240,253 | 24,465,788 | 91,298,024 | 67,159,849 | 0.0075 | 0.0424 | 0.0149 | 0.0029 |
| 151 | 24,465,788 | 33,370,142 | 24,568,591 | 91,728,440 | 67,485,035 | 0.0074 | 0.0192 | 0.0141 | 0.0033 |
| 152 | 24,568,591 | 33,497,356 | 24,669,140 | 92,154,175 | 67,806,862 | 0.0065 | 0.0065 | 0.0141 | 0.0030 |
| 153 | 24,669,140 | 33,620,467 | 24,766,887 | 92,573,749 | 68,124,852 | 0.0065 | 0.0423 | 0.0202 | 0.0030 |
| 154 | 24,766,887 | 33,739,132 | 24,861,456 | 92,986,308 | 68,438,764 | 0.0064 | 0.0287 | 0.0140 | 0.0030 |
| 155 | 24,861,456 | 33,853,259 | 24,952,883 | 93,391,647 | 68,748,701 | 0.0065 | 0.0295 | 0.0193 | 0.0031 |
| 156 | 24,952,883 | 33,963,100 | 25,041,053 | 93,789,754 | 69,054,594 | 0.0065 | 0.0069 | 0.0147 | 0.0031 |
| 157 | 25,041,053 | 34,068,966 | 25,126,531 | 94,181,125 | 69,356,883 | 0.0075 | 0.0476 | 0.0296 | 0.0045 |
| 158 | 25,126,531 | 34,170,927 | 25,209,434 | 94,566,317 | 69,655,712 | 0.0076 | 0.0065 | 0.0140 | 0.0034 |
| 159 | 25,209,434 | 34,269,006 | 25,289,551 | 94,945,263 | 69,950,812 | 0.0075 | 0.0400 | 0.0142 | 0.0046 |
| 160 | 25,289,551 | 34,363,118 | 25,366,851 | 95,317,663 | 70,241,914 | 0.0065 | 0.0107 | 0.0151 | 0.0030 |
| 161 | 25,366,851 | 34,452,763 | 25,440,753 | 95,682,667 | 70,528,877 | 0.0076 | 0.0445 | 0.0139 | 0.0045 |
| 162 | 25,440,753 | 34,537,632 | 25,511,333 | 96,040,210 | 70,811,829 | 0.0075 | 0.0061 | 0.0166 | 0.0030 |
| 163 | 25,511,333 | 34,617,352 | 25,578,588 | 96,390,417 | 71,090,923 | 0.0306 | 0.0631 | 0.0141 | 0.0032 |
| 164 | 25,578,588 | 34,691,794 | 25,642,294 | 96,733,217 | 71,366,182 | 0.0076 | 0.0066 | 0.0139 | 0.0032 |
| 165 | 25,642,294 | 34,761,369 | 25,702,377 | 97,068,559 | 71,637,611 | 0.0076 | 0.0380 | 0.0213 | 0.0032 |
| 166 | 25,702,377 | 34,825,656 | 25,758,772 | 97,396,383 | 71,905,185 | 0.0083 | 0.0368 | 0.0145 | 0.0030 |
| 167 | 25,758,772 | 34,885,175 | 25,811,595 | 97,716,780 | 72,168,945 | 0.0075 | 0.0233 | 0.0141 | 0.0032 |
| 168 | 25,811,595 | 34,939,807 | 25,860,827 | 98,029,772 | 72,428,653 | 0.0212 | 0.0381 | 0.0150 | 0.0031 |
| 169 | 25,860,827 | 34,989,883 | 25,906,116 | 98,334,769 | 72,684,006 | 0.0071 | 0.0066 | 0.0155 | 0.0031 |
| 170 | 25,906,116 | 35,034,745 | 25,947,522 | 98,631,528 | 72,934,972 | 0.0076 | 0.0295 | 0.0203 | 0.0031 |
| 171 | 25,947,522 | 35,074,720 | 25,985,108 | 98,920,080 | 73,181,708 | 0.0086 | 0.0464 | 0.0140 | 0.0031 |
| 172 | 25,985,108 | 35,109,809 | 26,019,122 | 99,200,830 | 73,424,676 | 0.0086 | 0.0276 | 0.0149 | 0.0031 |
| 173 | 26,019,122 | 35,140,630 | 26,049,941 | 99,474,617 | 73,664,310 | 0.0065 | 0.0274 | 0.0141 | 0.0031 |
| 174 | 26,049,941 | 35,167,645 | 26,077,750 | 99,742,060 | 73,900,521 | 0.0065 | 0.0307 | 0.0151 | 0.0032 |
| 175 | 26,077,750 | 35,191,121 | 26,102,923 | 100,003,444 | 74,133,461 | 0.0076 | 0.0515 | 0.0152 | 0.0033 |
| 176 | 26,102,923 | 35,210,696 | 26,125,268 | 100,258,729 | 74,363,061 | 0.0083 | 0.0066 | 0.0153 | 0.0032 |
| 177 | 26,125,268 | 35,225,696 | 26,144,218 | 100,507,279 | 74,588,756 | 0.0076 | 0.0274 | 0.0142 | 0.0032 |
| 178 | 26,144,218 | 35,235,771 | 26,159,701 | 100,748,457 | 74,810,673 | 0.0212 | 0.0363 | 0.0168 | 0.0087 |
| 179 | 26,159,701 | 35,240,177 | 26,170,842 | 100,981,515 | 75,027,937 | 0.0118 | 0.0065 | 0.0224 | 0.0032 |
| 180 | 26,170,842 | 35,238,403 | 26,177,418 | 101,205,355 | 75,240,140 | 0.0096 | 0.0264 | 0.0142 | 0.0031 |
| 181 | 26,177,418 | 35,230,391 | 26,179,328 | 101,419,468 | 75,446,962 | 0.0086 | 0.0442 | 0.0141 | 0.0031 |
| 182 | 26,179,328 | 35,215,826 | 26,176,571 | 101,623,533 | 75,648,307 | 0.0075 | 0.0297 | 0.0150 | 0.0033 |
| 183 | 26,176,571 | 35,195,189 | 26,169,282 | 101,817,589 | 75,844,252 | 0.0075 | 0.0370 | 0.0151 | 0.0031 |
| 184 | 26,169,282 | 35,168,508 | 26,157,702 | 102,001,954 | 76,034,789 | 0.0076 | 0.0212 | 0.0140 | 0.0031 |
| 185 | 26,157,702 | 35,135,397 | 26,141,497 | 102,176,286 | 76,219,965 | 0.0085 | 0.0064 | 0.0142 | 0.0033 |
| 186 | 26,141,497 | 35,095,931 | 26,120,708 | 102,340,673 | 76,399,917 | 0.0202 | 0.0432 | 0.0141 | 0.0031 |
| 187 | 26,120,708 | 35,049,753 | 26,094,887 | 102,494,804 | 76,574,662 | 0.0065 | 0.0528 | 0.0140 | 0.0047 |
| 188 | 26,094,887 | 34,997,285 | 26,064,180 | 102,638,842 | 76,744,231 | 0.0075 | 0.0075 | 0.0152 | 0.0031 |
| 189 | 26,064,180 | 34,938,677 | 26,028,824 | 102,773,055 | 76,908,857 | 0.0085 | 0.0528 | 0.0150 | 0.0049 |
| 190 | 26,028,824 | 34,874,268 | 25,989,032 | 102,897,889 | 77,068,533 | 0.0066 | 0.0149 | 0.0140 | 0.0032 |
| 191 | 25,989,032 | 34,804,039 | 25,944,531 | 103,013,064 | 77,223,086 | 0.0073 | 0.0287 | 0.0153 | 0.0033 |
| 192 | 25,944,531 | 34,727,760 | 25,895,518 | 103,118,604 | 77,372,718 | 0.0083 | 0.0368 | 0.0142 | 0.0036 |
| 193 | 25,895,518 | 34,645,385 | 25,841,541 | 103,214,259 | 77,517,227 | 0.0065 | 0.0307 | 0.0140 | 0.0033 |
| 194 | 25,841,541 | 34,556,945 | 25,782,784 | 103,300,011 | 77,656,631 | 0.0072 | 0.0286 | 0.0153 | 0.0033 |
| 195 | 25,782,784 | 34,462,426 | 25,719,461 | 103,376,092 | 77,791,065 | 0.0084 | 0.0378 | 0.0142 | 0.0036 |
| 196 | 25,719,461 | 34,361,989 | 25,651,566 | 103,442,631 | 77,920,428 | 0.0085 | 0.0543 | 0.0157 | 0.0034 |
| 197 | 25,651,566 | 34,255,813 | 25,579,143 | 103,499,571 | 78,044,726 | 0.0076 | 0.0222 | 0.0141 | 0.0031 |
| 198 | 25,579,143 | 34,144,352 | 25,502,630 | 103,547,356 | 78,164,252 | 0.0075 | 0.0548 | 0.0140 | 0.0049 |
| 199 | 25,502,630 | 34,028,055 | 25,422,369 | 103,586,621 | 78,279,222 | 0.0075 | 0.0065 | 0.0141 | 0.0031 |
| 200 | 25,422,369 | 33,907,036 | 25,338,487 | 103,617,709 | 78,389,839 | 0.0075 | 0.0539 | 0.0150 | 0.0031 |
| 201 | 25,338,487 | 33,781,860 | 25,251,711 | 103,641,550 | 78,496,604 | 0.0065 | 0.0064 | 0.0142 | 0.0034 |
| 202 | 25,251,711 | 33,653,351 | 25,162,254 | 103,658,858 | 78,599,703 | 0.0084 | 0.0223 | 0.0143 | 0.0031 |
| 203 | 25,162,254 | 33,521,959 | 25,070,487 | 103,670,190 | 78,699,354 | 0.0081 | 0.0435 | 0.0153 | 0.0032 |
| 204 | 25,070,487 | 33,387,817 | 24,976,370 | 103,675,724 | 78,795,763 | 0.0084 | 0.0695 | 0.0142 | 0.0048 |
| 205 | 24,976,370 | 33,250,423 | 24,879,582 | 103,675,345 | 78,888,736 | 0.0075 | 0.0065 | 0.0141 | 0.0035 |
| 206 | 24,879,582 | 33,109,938 | 24,780,091 | 103,668,827 | 78,978,233 | 0.0075 | 0.0559 | 0.0141 | 0.0048 |
| 207 | 24,780,091 | 32,965,939 | 24,677,742 | 103,655,975 | 79,064,276 | 0.0064 | 0.0066 | 0.0141 | 0.0031 |
| 208 | 24,677,742 | 32,818,095 | 24,572,261 | 103,636,537 | 79,146,714 | 0.0075 | 0.0359 | 0.0141 | 0.0031 |
| 209 | 24,572,261 | 32,666,262 | 24,463,663 | 103,610,377 | 79,225,481 | 0.0064 | 0.0202 | 0.0141 | 0.0031 |
| 210 | 24,463,663 | 32,510,027 | 24,351,844 | 103,577,325 | 79,300,584 | 0.0071 | 0.0697 | 0.0143 | 0.0031 |
| 211 | 24,351,844 | 32,349,266 | 24,236,872 | 103,537,456 | 79,372,082 | 0.0064 | 0.0296 | 0.0152 | 0.0032 |
| 212 | 24,236,872 | 32,184,515 | 24,118,998 | 103,491,080 | 79,440,053 | 0.0064 | 0.0130 | 0.0213 | 0.0114 |
| 213 | 24,118,998 | 32,015,880 | 23,998,051 | 103,438,104 | 79,504,504 | 0.0122 | 0.0067 | 0.0145 | 0.0031 |
| 214 | 23,998,051 | 31,843,652 | 23,874,380 | 103,378,884 | 79,565,625 | 0.0064 | 0.0633 | 0.0152 | 0.0034 |
| 215 | 23,874,380 | 31,668,448 | 23,748,149 | 103,313,774 | 79,623,487 | 0.0064 | 0.0391 | 0.0131 | 0.0031 |
| 216 | 23,748,149 | 31,490,763 | 23,619,917 | 103,243,404 | 79,678,253 | 0.0073 | 0.0067 | 0.0152 | 0.0030 |
| 217 | 23,619,917 | 31,310,741 | 23,489,657 | 103,167,910 | 79,730,071 | 0.0064 | 0.0297 | 0.0141 | 0.0031 |
| 218 | 23,489,657 | 31,128,570 | 23,357,630 | 103,087,701 | 79,779,016 | 0.0064 | 0.0286 | 0.0131 | 0.0032 |
| 219 | 23,357,630 | 30,944,389 | 23,223,665 | 103,002,681 | 79,825,181 | 0.0081 | 0.0277 | 0.0144 | 0.0030 |
| 220 | 23,223,665 | 30,758,054 | 23,087,883 | 102,913,064 | 79,868,670 | 0.0064 | 0.0454 | 0.0141 | 0.0047 |
| 221 | 23,087,883 | 30,569,663 | 22,950,355 | 102,819,025 | 79,909,515 | 0.0062 | 0.0065 | 0.0132 | 0.0033 |
| 222 | 22,950,355 | 30,378,984 | 22,810,876 | 102,720,391 | 79,947,770 | 0.0073 | 0.0622 | 0.0142 | 0.0049 |
| 223 | 22,810,876 | 30,186,358 | 22,670,014 | 102,617,784 | 79,983,633 | 0.0062 | 0.0537 | 0.0134 | 0.0033 |
| 224 | 22,670,014 | 29,991,810 | 22,527,520 | 102,511,153 | 80,017,213 | 0.0064 | 0.0079 | 0.0137 | 0.0045 |
| 225 | 22,527,520 | 29,795,421 | 22,383,535 | 102,400,748 | 80,048,760 | 0.0071 | 0.0317 | 0.0141 | 0.0037 |
| 226 | 22,383,535 | 29,597,236 | 22,238,007 | 102,286,767 | 80,078,463 | 0.0064 | 0.0064 | 0.0133 | 0.0031 |
| 227 | 22,238,007 | 29,397,512 | 22,090,965 | 102,169,428 | 80,106,504 | 0.0064 | 0.0295 | 0.0133 | 0.0031 |
| 228 | 22,090,965 | 29,195,764 | 21,942,371 | 102,048,875 | 80,133,134 | 0.0064 | 0.0445 | 0.0130 | 0.0031 |
| 229 | 21,942,371 | 28,992,424 | 21,792,483 | 101,925,617 | 80,158,393 | 0.0064 | 0.0297 | 0.0142 | 0.0032 |
| 230 | 21,792,483 | 28,787,415 | 21,641,274 | 101,799,667 | 80,182,374 | 0.0053 | 0.0390 | 0.0122 | 0.0030 |
| 231 | 21,641,274 | 28,580,859 | 21,488,719 | 101,671,093 | 80,205,090 | 0.0064 | 0.0286 | 0.0131 | 0.0032 |
| 232 | 21,488,719 | 28,372,924 | 21,335,006 | 101,540,096 | 80,226,530 | 0.0053 | 0.0447 | 0.0128 | 0.0033 |
| 233 | 21,335,006 | 28,163,682 | 21,180,264 | 101,406,794 | 80,246,765 | 0.0053 | 0.0285 | 0.0133 | 0.0032 |
| 234 | 21,180,264 | 27,953,255 | 21,024,345 | 101,271,110 | 80,265,670 | 0.0053 | 0.0390 | 0.0122 | 0.0030 |
| 235 | 21,024,345 | 27,741,698 | 20,867,254 | 101,132,924 | 80,283,284 | 0.0053 | 0.0295 | 0.0122 | 0.0033 |
| 236 | 20,867,254 | 27,529,090 | 20,709,354 | 100,992,638 | 80,299,769 | 0.0063 | 0.0368 | 0.0123 | 0.0033 |
| 237 | 20,709,354 | 27,315,980 | 20,551,039 | 100,850,808 | 80,315,319 | 0.0052 | 0.0370 | 0.0132 | 0.0032 |
| 238 | 20,551,039 | 27,103,069 | 20,392,609 | 100,707,928 | 80,330,019 | 0.0052 | 0.0621 | 0.0123 | 0.0034 |
| 239 | 20,392,609 | 26,890,201 | 20,234,025 | 100,564,044 | 80,343,919 | 0.0063 | 0.0212 | 0.0122 | 0.0032 |
| 240 | 20,234,025 | 26,677,316 | 20,075,387 | 100,419,306 | 80,357,024 | 0.0063 | 0.0612 | 0.0131 | 0.0047 |
| 241 | 20,075,387 | 26,464,379 | 19,916,531 | 100,273,555 | 80,369,267 | 0.0062 | 0.0296 | 0.0123 | 0.0030 |
| 242 | 19,916,531 | 26,251,341 | 19,757,363 | 100,126,630 | 80,380,641 | 0.0052 | 0.0067 | 0.0121 | 0.0030 |
| 243 | 19,757,363 | 26,038,101 | 19,597,812 | 99,978,453 | 80,391,114 | 0.0052 | 0.0305 | 0.0124 | 0.0030 |
| 244 | 19,597,812 | 25,825,041 | 19,438,135 | 99,829,249 | 80,400,766 | 0.0052 | 0.0065 | 0.0123 | 0.0031 |
| 245 | 19,438,135 | 25,611,966 | 19,278,237 | 99,679,003 | 80,409,684 | 0.0059 | 0.0361 | 0.0130 | 0.0035 |
| 246 | 19,278,237 | 25,398,835 | 19,118,218 | 99,527,902 | 80,417,910 | 0.0059 | 0.0297 | 0.0125 | 0.0031 |
| 247 | 19,118,218 | 25,185,858 | 18,958,400 | 99,376,310 | 80,425,562 | 0.0062 | 0.0369 | 0.0128 | 0.0152 |
| 248 | 18,958,400 | 24,973,182 | 18,798,681 | 99,224,243 | 80,432,654 | 0.0115 | 0.0246 | 0.0120 | 0.0030 |
| 249 | 18,798,681 | 24,760,861 | 18,639,111 | 99,071,765 | 80,439,173 | 0.0051 | 0.0213 | 0.0122 | 0.0031 |
| 250 | 18,639,111 | 24,548,871 | 18,479,683 | 98,918,856 | 80,445,155 | 0.0052 | 0.0277 | 0.0142 | 0.0030 |
| 251 | 18,479,683 | 24,337,220 | 18,320,270 | 98,765,425 | 80,450,578 | 0.0060 | 0.0688 | 0.0122 | 0.0053 |
| 252 | 18,320,270 | 24,125,545 | 18,160,756 | 98,611,334 | 80,455,469 | 0.0122 | 0.0071 | 0.0219 | 0.0037 |
| 253 | 18,160,756 | 23,913,809 | 18,001,345 | 98,456,814 | 80,459,897 | 0.0051 | 0.0076 | 0.0112 | 0.0032 |
| 254 | 18,001,345 | 23,702,207 | 17,841,981 | 98,301,878 | 80,463,897 | 0.0072 | 0.0083 | 0.0118 | 0.0193 |
| 255 | 17,841,981 | 23,490,789 | 17,682,900 | 98,146,797 | 80,467,539 | 0.0135 | 0.0065 | 0.0113 | 0.0032 |
| 256 | 17,682,900 | 23,279,809 | 17,524,093 | 97,991,632 | 80,470,869 | 0.0051 | 0.0069 | 0.0119 | 0.0032 |
| 257 | 17,524,093 | 23,069,213 | 17,365,486 | 97,836,355 | 80,473,927 | 0.0125 | 0.0221 | 0.0177 | 0.0033 |
| 258 | 17,365,486 | 22,859,154 | 17,207,108 | 97,681,035 | 80,476,772 | 0.0247 | 0.0127 | 0.0184 | 0.0084 |
| 259 | 17,207,108 | 22,649,700 | 17,049,076 | 97,525,848 | 80,479,391 | 0.0060 | 0.0560 | 0.0113 | 0.0046 |
| 260 | 17,049,076 | 22,440,926 | 16,891,512 | 97,370,903 | 80,481,772 | 0.0052 | 0.0066 | 0.0122 | 0.0030 |
| 261 | 16,891,512 | 22,233,109 | 16,734,574 | 97,216,346 | 80,483,924 | 0.0062 | 0.0275 | 0.0112 | 0.0031 |
| 262 | 16,734,574 | 22,026,351 | 16,578,492 | 97,062,416 | 80,485,843 | 0.0051 | 0.0372 | 0.0111 | 0.0031 |
| 263 | 16,578,492 | 21,820,915 | 16,423,170 | 96,909,013 | 80,487,531 | 0.0050 | 0.0277 | 0.0113 | 0.0031 |
| 264 | 16,423,170 | 21,616,639 | 16,268,502 | 96,756,033 | 80,489,028 | 0.0047 | 0.0392 | 0.0116 | 0.0030 |
| 265 | 16,268,502 | 21,413,346 | 16,114,173 | 96,603,201 | 80,490,346 | 0.0050 | 0.0066 | 0.0113 | 0.0030 |
| 266 | 16,114,173 | 21,210,520 | 15,960,159 | 96,450,505 | 80,491,511 | 0.0051 | 0.0067 | 0.0112 | 0.0030 |
| 267 | 15,960,159 | 21,008,332 | 15,806,341 | 96,297,852 | 80,492,545 | 0.0051 | 0.0350 | 0.0111 | 0.0030 |
| 268 | 15,806,341 | 20,806,319 | 15,652,613 | 96,145,158 | 80,493,456 | 0.0050 | 0.0287 | 0.0112 | 0.0031 |
| 269 | 15,652,613 | 20,604,330 | 15,498,985 | 95,992,441 | 80,494,260 | 0.0046 | 0.0320 | 0.0115 | 0.0030 |
| 270 | 15,498,985 | 20,402,343 | 15,345,338 | 95,839,598 | 80,494,968 | 0.0047 | 0.0389 | 0.0115 | 0.0033 |
| 271 | 15,345,338 | 20,200,398 | 15,191,697 | 95,686,665 | 80,495,572 | 0.0049 | 0.0623 | 0.0113 | 0.0044 |
| 272 | 15,191,697 | 19,998,271 | 15,037,983 | 95,533,555 | 80,496,081 | 0.0050 | 0.0055 | 0.0114 | 0.0029 |
| 273 | 15,037,983 | 19,796,195 | 14,884,368 | 95,380,449 | 80,496,493 | 0.0051 | 0.0193 | 0.0112 | 0.0030 |
| 274 | 14,884,368 | 19,594,608 | 14,731,165 | 95,227,658 | 80,496,825 | 0.0051 | 0.0371 | 0.0102 | 0.0030 |
| 275 | 14,731,165 | 19,393,574 | 14,578,412 | 95,075,237 | 80,497,095 | 0.0047 | 0.0287 | 0.0102 | 0.0034 |
| 276 | 14,578,412 | 19,193,547 | 14,426,338 | 94,923,433 | 80,497,309 | 0.0051 | 0.0351 | 0.0101 | 0.0030 |
| 277 | 14,426,338 | 18,994,703 | 14,274,975 | 94,772,284 | 80,497,473 | 0.0050 | 0.0288 | 0.0101 | 0.0030 |
| 278 | 14,274,975 | 18,796,935 | 14,124,386 | 94,621,859 | 80,497,614 | 0.0051 | 0.0193 | 0.0102 | 0.0028 |
| 279 | 14,124,386 | 18,600,352 | 13,974,676 | 94,472,290 | 80,497,730 | 0.0050 | 0.0224 | 0.0113 | 0.0029 |
| 280 | 13,974,676 | 18,405,257 | 13,826,024 | 94,323,754 | 80,497,823 | 0.0050 | 0.0646 | 0.0101 | 0.0044 |
| 281 | 13,826,024 | 18,211,678 | 13,678,425 | 94,176,248 | 80,497,895 | 0.0049 | 0.0299 | 0.0112 | 0.0029 |
| 282 | 13,678,425 | 18,019,697 | 13,532,088 | 94,029,983 | 80,497,948 | 0.0050 | 0.0297 | 0.0102 | 0.0029 |
| 283 | 13,532,088 | 17,829,276 | 13,386,931 | 93,884,879 | 80,497,984 | 0.0046 | 0.0299 | 0.0105 | 0.0030 |
| 284 | 13,386,931 | 17,640,378 | 13,242,862 | 93,740,846 | 80,498,003 | 0.0050 | 0.0278 | 0.0101 | 0.0029 |
| 285 | 13,242,862 | 17,453,114 | 13,099,988 | 93,597,991 | 80,498,011 | 0.0050 | 0.0372 | 0.0102 | 0.0043 |
| 286 | 13,099,988 | 17,267,375 | 12,958,176 | 93,456,187 | 80,498,014 | 0.0050 | 0.0067 | 0.0102 | 0.0028 |
| 287 | 12,958,176 | 17,082,953 | 12,817,350 | 93,315,364 | 80,498,014 | 0.0050 | 0.0055 | 0.0103 | 0.0029 |