1	1	1
1	1	2
1	1	3
1	1	55
1	1	539
2	1	1
2	1	2
2	1	3
2	1	56
2	1	539
3	1	2
3	1	3
3	1	4
3	1	57
3	1	539
55	1	1
55	1	2
55	1	3
55	1	53
55	1	54
55	1	55
55	1	56
55	1	181
55	1	536
55	1	537
55	1	538
55	1	539
1	2	1
1	2	2
1	2	3
1	2	55
1	2	539
2	2	1
2	2	2
2	2	3
2	2	56
2	2	539
3	2	2
3	2	3
3	2	4
3	2	57
3	2	539
56	2	1
56	2	2
56	2	3
56	2	4
56	2	54
56	2	55
56	2	56
56	2	57
56	2	182
56	2	537
56	2	538
56	2	539
2	3	1
2	3	2
2	3	3
2	3	56
2	3	539
3	3	2
3	3	3
3	3	4
3	3	57
3	3	539
4	3	3
4	3	4
4	3	58
4	3	539
57	3	1
57	3	2
57	3	3
57	3	4
57	3	56
57	3	57
57	3	58
57	3	59
57	3	183
57	3	538
57	3	539
57	3	540
3	4	2
3	4	3
3	4	4
3	4	57
3	4	539
4	4	3
4	4	4
4	4	58
4	4	539
58	4	2
58	4	3
58	4	4
58	4	57
58	4	58
58	4	59
58	4	60
58	4	184
58	4	539
58	4	540
58	4	541
5	5	5
5	5	6
5	5	131
5	5	708
6	5	5
6	5	6
6	5	7
6	5	132
6	5	708
6	5	709
5	6	5
5	6	6
5	6	131
5	6	708
6	6	5
6	6	6
6	6	7
6	6	132
6	6	708
6	6	709
7	6	6
7	6	7
7	6	8
7	6	133
7	6	491
7	6	708
7	6	709
6	7	5
6	7	6
6	7	7
6	7	132
6	7	708
6	7	709
7	7	6
7	7	7
7	7	8
7	7	133
7	7	491
7	7	708
7	7	709
8	7	7
8	7	8
8	7	9
8	7	134
8	7	491
8	7	492
8	7	708
8	7	709
7	8	6
7	8	7
7	8	8
7	8	133
7	8	491
7	8	708
7	8	709
8	8	7
8	8	8
8	8	9
8	8	134
8	8	491
8	8	492
8	8	708
8	8	709
9	8	7
9	8	8
9	8	9
9	8	10
9	8	135
9	8	491
9	8	492
9	8	493
9	8	709
7	9	6
7	9	7
7	9	8
7	9	133
7	9	491
7	9	708
7	9	709
8	9	7
8	9	8
8	9	9
8	9	134
8	9	491
8	9	492
8	9	708
8	9	709
9	9	7
9	9	8
9	9	9
9	9	10
9	9	135
9	9	491
9	9	492
9	9	493
9	9	709
10	9	8
10	9	9
10	9	10
10	9	11
10	9	136
10	9	491
10	9	492
10	9	493
10	9	494
10	9	709
8	10	7
8	10	8
8	10	9
8	10	134
8	10	491
8	10	492
8	10	708
8	10	709
9	10	7
9	10	8
9	10	9
9	10	10
9	10	135
9	10	491
9	10	492
9	10	493
9	10	709
10	10	8
10	10	9
10	10	10
10	10	11
10	10	136
10	10	491
10	10	492
10	10	493
10	10	494
10	10	709
11	10	9
11	10	10
11	10	11
11	10	12
11	10	137
11	10	492
11	10	493
11	10	494
11	10	495
9	11	7
9	11	8
9	11	9
9	11	10
9	11	135
9	11	491
9	11	492
9	11	493
9	11	709
10	11	8
10	11	9
10	11	10
10	11	11
10	11	136
10	11	491
10	11	492
10	11	493
10	11	494
10	11	709
11	11	9
11	11	10
11	11	11
11	11	12
11	11	137
11	11	492
11	11	493
11	11	494
11	11	495
12	11	10
12	11	11
12	11	12
12	11	13
12	11	138
12	11	493
12	11	494
12	11	495
12	11	496
10	12	8
10	12	9
10	12	10
10	12	11
10	12	136
10	12	491
10	12	492
10	12	493
10	12	494
10	12	709
11	12	9
11	12	10
11	12	11
11	12	12
11	12	137
11	12	492
11	12	493
11	12	494
11	12	495
12	12	10
12	12	11
12	12	12
12	12	13
12	12	138
12	12	493
12	12	494
12	12	495
12	12	496
13	12	11
13	12	12
13	12	13
13	12	14
13	12	139
13	12	494
13	12	495
13	12	496
13	12	497
11	13	9
11	13	10
11	13	11
11	13	12
11	13	137
11	13	492
11	13	493
11	13	494
11	13	495
12	13	10
12	13	11
12	13	12
12	13	13
12	13	138
12	13	493
12	13	494
12	13	495
12	13	496
13	13	11
13	13	12
13	13	13
13	13	14
13	13	139
13	13	494
13	13	495
13	13	496
13	13	497
14	13	12
14	13	13
14	13	14
14	13	15
14	13	140
14	13	495
14	13	496
14	13	497
14	13	498
12	14	10
12	14	11
12	14	12
12	14	13
12	14	138
12	14	493
12	14	494
12	14	495
12	14	496
13	14	11
13	14	12
13	14	13
13	14	14
13	14	139
13	14	494
13	14	495
13	14	496
13	14	497
14	14	12
14	14	13
14	14	14
14	14	15
14	14	140
14	14	495
14	14	496
14	14	497
14	14	498
15	14	13
15	14	14
15	14	15
15	14	16
15	14	141
15	14	496
15	14	497
15	14	498
15	14	499
13	15	11
13	15	12
13	15	13
13	15	14
13	15	139
13	15	494
13	15	495
13	15	496
13	15	497
14	15	12
14	15	13
14	15	14
14	15	15
14	15	140
14	15	495
14	15	496
14	15	497
14	15	498
15	15	13
15	15	14
15	15	15
15	15	16
15	15	141
15	15	496
15	15	497
15	15	498
15	15	499
16	15	14
16	15	15
16	15	16
16	15	17
16	15	142
16	15	497
16	15	498
16	15	499
16	15	500
14	16	12
14	16	13
14	16	14
14	16	15
14	16	140
14	16	495
14	16	496
14	16	497
14	16	498
15	16	13
15	16	14
15	16	15
15	16	16
15	16	141
15	16	496
15	16	497
15	16	498
15	16	499
16	16	14
16	16	15
16	16	16
16	16	17
16	16	142
16	16	497
16	16	498
16	16	499
16	16	500
17	16	15
17	16	16
17	16	17
17	16	18
17	16	143
17	16	498
17	16	499
17	16	500
17	16	501
15	17	13
15	17	14
15	17	15
15	17	16
15	17	141
15	17	496
15	17	497
15	17	498
15	17	499
16	17	14
16	17	15
16	17	16
16	17	17
16	17	142
16	17	497
16	17	498
16	17	499
16	17	500
17	17	15
17	17	16
17	17	17
17	17	18
17	17	143
17	17	498
17	17	499
17	17	500
17	17	501
18	17	16
18	17	17
18	17	18
18	17	19
18	17	144
18	17	499
18	17	500
18	17	501
18	17	502
16	18	14
16	18	15
16	18	16
16	18	17
16	18	142
16	18	497
16	18	498
16	18	499
16	18	500
17	18	15
17	18	16
17	18	17
17	18	18
17	18	143
17	18	498
17	18	499
17	18	500
17	18	501
18	18	16
18	18	17
18	18	18
18	18	19
18	18	144
18	18	499
18	18	500
18	18	501
18	18	502
19	18	17
19	18	18
19	18	19
19	18	20
19	18	145
19	18	500
19	18	501
19	18	502
19	18	503
17	19	15
17	19	16
17	19	17
17	19	18
17	19	143
17	19	498
17	19	499
17	19	500
17	19	501
18	19	16
18	19	17
18	19	18
18	19	19
18	19	144
18	19	499
18	19	500
18	19	501
18	19	502
19	19	17
19	19	18
19	19	19
19	19	20
19	19	145
19	19	500
19	19	501
19	19	502
19	19	503
20	19	18
20	19	19
20	19	20
20	19	21
20	19	146
20	19	501
20	19	502
20	19	503
20	19	504
18	20	16
18	20	17
18	20	18
18	20	19
18	20	144
18	20	499
18	20	500
18	20	501
18	20	502
19	20	17
19	20	18
19	20	19
19	20	20
19	20	145
19	20	500
19	20	501
19	20	502
19	20	503
20	20	18
20	20	19
20	20	20
20	20	21
20	20	146
20	20	501
20	20	502
20	20	503
20	20	504
21	20	19
21	20	20
21	20	21
21	20	22
21	20	147
21	20	502
21	20	503
21	20	504
21	20	505
19	21	17
19	21	18
19	21	19
19	21	20
19	21	145
19	21	500
19	21	501
19	21	502
19	21	503
20	21	18
20	21	19
20	21	20
20	21	21
20	21	146
20	21	501
20	21	502
20	21	503
20	21	504
21	21	19
21	21	20
21	21	21
21	21	22
21	21	147
21	21	502
21	21	503
21	21	504
21	21	505
22	21	20
22	21	21
22	21	22
22	21	23
22	21	148
22	21	503
22	21	504
22	21	505
22	21	506
20	22	18
20	22	19
20	22	20
20	22	21
20	22	146
20	22	501
20	22	502
20	22	503
20	22	504
21	22	19
21	22	20
21	22	21
21	22	22
21	22	147
21	22	502
21	22	503
21	22	504
21	22	505
22	22	20
22	22	21
22	22	22
22	22	23
22	22	148
22	22	503
22	22	504
22	22	505
22	22	506
23	22	21
23	22	22
23	22	23
23	22	24
23	22	149
23	22	504
23	22	505
23	22	506
23	22	507
21	23	19
21	23	20
21	23	21
21	23	22
21	23	147
21	23	502
21	23	503
21	23	504
21	23	505
22	23	20
22	23	21
22	23	22
22	23	23
22	23	148
22	23	503
22	23	504
22	23	505
22	23	506
23	23	21
23	23	22
23	23	23
23	23	24
23	23	149
23	23	504
23	23	505
23	23	506
23	23	507
24	23	22
24	23	23
24	23	24
24	23	25
24	23	150
24	23	505
24	23	506
24	23	507
24	23	508
22	24	20
22	24	21
22	24	22
22	24	23
22	24	148
22	24	503
22	24	504
22	24	505
22	24	506
23	24	21
23	24	22
23	24	23
23	24	24
23	24	149
23	24	504
23	24	505
23	24	506
23	24	507
24	24	22
24	24	23
24	24	24
24	24	25
24	24	150
24	24	505
24	24	506
24	24	507
24	24	508
25	24	23
25	24	24
25	24	25
25	24	26
25	24	151
25	24	506
25	24	507
25	24	508
25	24	509
23	25	21
23	25	22
23	25	23
23	25	24
23	25	149
23	25	504
23	25	505
23	25	506
23	25	507
24	25	22
24	25	23
24	25	24
24	25	25
24	25	150
24	25	505
24	25	506
24	25	507
24	25	508
25	25	23
25	25	24
25	25	25
25	25	26
25	25	151
25	25	506
25	25	507
25	25	508
25	25	509
26	25	24
26	25	25
26	25	26
26	25	27
26	25	152
26	25	507
26	25	508
26	25	509
26	25	510
24	26	22
24	26	23
24	26	24
24	26	25
24	26	150
24	26	505
24	26	506
24	26	507
24	26	508
25	26	23
25	26	24
25	26	25
25	26	26
25	26	151
25	26	506
25	26	507
25	26	508
25	26	509
26	26	24
26	26	25
26	26	26
26	26	27
26	26	152
26	26	507
26	26	508
26	26	509
26	26	510
27	26	25
27	26	26
27	26	27
27	26	28
27	26	153
27	26	508
27	26	509
27	26	510
27	26	511
25	27	23
25	27	24
25	27	25
25	27	26
25	27	151
25	27	506
25	27	507
25	27	508
25	27	509
26	27	24
26	27	25
26	27	26
26	27	27
26	27	152
26	27	507
26	27	508
26	27	509
26	27	510
27	27	25
27	27	26
27	27	27
27	27	28
27	27	153
27	27	508
27	27	509
27	27	510
27	27	511
28	27	26
28	27	27
28	27	28
28	27	29
28	27	154
28	27	509
28	27	510
28	27	511
28	27	512
26	28	24
26	28	25
26	28	26
26	28	27
26	28	152
26	28	507
26	28	508
26	28	509
26	28	510
27	28	25
27	28	26
27	28	27
27	28	28
27	28	153
27	28	508
27	28	509
27	28	510
27	28	511
28	28	26
28	28	27
28	28	28
28	28	29
28	28	154
28	28	509
28	28	510
28	28	511
28	28	512
29	28	27
29	28	28
29	28	29
29	28	30
29	28	155
29	28	510
29	28	511
29	28	512
29	28	513
27	29	25
27	29	26
27	29	27
27	29	28
27	29	153
27	29	508
27	29	509
27	29	510
27	29	511
28	29	26
28	29	27
28	29	28
28	29	29
28	29	154
28	29	509
28	29	510
28	29	511
28	29	512
29	29	27
29	29	28
29	29	29
29	29	30
29	29	155
29	29	510
29	29	511
29	29	512
29	29	513
30	29	28
30	29	29
30	29	30
30	29	31
30	29	156
30	29	511
30	29	512
30	29	513
30	29	514
28	30	26
28	30	27
28	30	28
28	30	29
28	30	154
28	30	509
28	30	510
28	30	511
28	30	512
29	30	27
29	30	28
29	30	29
29	30	30
29	30	155
29	30	510
29	30	511
29	30	512
29	30	513
30	30	28
30	30	29
30	30	30
30	30	31
30	30	156
30	30	511
30	30	512
30	30	513
30	30	514
31	30	29
31	30	30
31	30	31
31	30	32
31	30	157
31	30	512
31	30	513
31	30	514
31	30	515
29	31	27
29	31	28
29	31	29
29	31	30
29	31	155
29	31	510
29	31	511
29	31	512
29	31	513
30	31	28
30	31	29
30	31	30
30	31	31
30	31	156
30	31	511
30	31	512
30	31	513
30	31	514
31	31	29
31	31	30
31	31	31
31	31	32
31	31	157
31	31	512
31	31	513
31	31	514
31	31	515
32	31	30
32	31	31
32	31	32
32	31	33
32	31	158
32	31	513
32	31	514
32	31	515
32	31	516
30	32	28
30	32	29
30	32	30
30	32	31
30	32	156
30	32	511
30	32	512
30	32	513
30	32	514
31	32	29
31	32	30
31	32	31
31	32	32
31	32	157
31	32	512
31	32	513
31	32	514
31	32	515
32	32	30
32	32	31
32	32	32
32	32	33
32	32	158
32	32	513
32	32	514
32	32	515
32	32	516
33	32	31
33	32	32
33	32	33
33	32	34
33	32	159
33	32	514
33	32	515
33	32	516
33	32	517
31	33	29
31	33	30
31	33	31
31	33	32
31	33	157
31	33	512
31	33	513
31	33	514
31	33	515
32	33	30
32	33	31
32	33	32
32	33	33
32	33	158
32	33	513
32	33	514
32	33	515
32	33	516
33	33	31
33	33	32
33	33	33
33	33	34
33	33	159
33	33	514
33	33	515
33	33	516
33	33	517
34	33	32
34	33	33
34	33	34
34	33	35
34	33	160
34	33	515
34	33	516
34	33	517
34	33	518
32	34	30
32	34	31
32	34	32
32	34	33
32	34	158
32	34	513
32	34	514
32	34	515
32	34	516
33	34	31
33	34	32
33	34	33
33	34	34
33	34	159
33	34	514
33	34	515
33	34	516
33	34	517
34	34	32
34	34	33
34	34	34
34	34	35
34	34	160
34	34	515
34	34	516
34	34	517
34	34	518
35	34	33
35	34	34
35	34	35
35	34	36
35	34	161
35	34	516
35	34	517
35	34	518
35	34	519
33	35	31
33	35	32
33	35	33
33	35	34
33	35	159
33	35	514
33	35	515
33	35	516
33	35	517
34	35	32
34	35	33
34	35	34
34	35	35
34	35	160
34	35	515
34	35	516
34	35	517
34	35	518
35	35	33
35	35	34
35	35	35
35	35	36
35	35	161
35	35	516
35	35	517
35	35	518
35	35	519
36	35	34
36	35	35
36	35	36
36	35	37
36	35	162
36	35	517
36	35	518
36	35	519
36	35	520
34	36	32
34	36	33
34	36	34
34	36	35
34	36	160
34	36	515
34	36	516
34	36	517
34	36	518
35	36	33
35	36	34
35	36	35
35	36	36
35	36	161
35	36	516
35	36	517
35	36	518
35	36	519
36	36	34
36	36	35
36	36	36
36	36	37
36	36	162
36	36	517
36	36	518
36	36	519
36	36	520
37	36	35
37	36	36
37	36	37
37	36	38
37	36	163
37	36	518
37	36	519
37	36	520
37	36	521
35	37	33
35	37	34
35	37	35
35	37	36
35	37	161
35	37	516
35	37	517
35	37	518
35	37	519
36	37	34
36	37	35
36	37	36
36	37	37
36	37	162
36	37	517
36	37	518
36	37	519
36	37	520
37	37	35
37	37	36
37	37	37
37	37	38
37	37	163
37	37	518
37	37	519
37	37	520
37	37	521
38	37	36
38	37	37
38	37	38
38	37	39
38	37	164
38	37	519
38	37	520
38	37	521
38	37	522
36	38	34
36	38	35
36	38	36
36	38	37
36	38	162
36	38	517
36	38	518
36	38	519
36	38	520
37	38	35
37	38	36
37	38	37
37	38	38
37	38	163
37	38	518
37	38	519
37	38	520
37	38	521
38	38	36
38	38	37
38	38	38
38	38	39
38	38	164
38	38	519
38	38	520
38	38	521
38	38	522
39	38	37
39	38	38
39	38	39
39	38	40
39	38	165
39	38	520
39	38	521
39	38	522
39	38	523
37	39	35
37	39	36
37	39	37
37	39	38
37	39	163
37	39	518
37	39	519
37	39	520
37	39	521
38	39	36
38	39	37
38	39	38
38	39	39
38	39	164
38	39	519
38	39	520
38	39	521
38	39	522
39	39	37
39	39	38
39	39	39
39	39	40
39	39	165
39	39	520
39	39	521
39	39	522
39	39	523
40	39	38
40	39	39
40	39	40
40	39	41
40	39	166
40	39	521
40	39	522
40	39	523
40	39	524
38	40	36
38	40	37
38	40	38
38	40	39
38	40	164
38	40	519
38	40	520
38	40	521
38	40	522
39	40	37
39	40	38
39	40	39
39	40	40
39	40	165
39	40	520
39	40	521
39	40	522
39	40	523
40	40	38
40	40	39
40	40	40
40	40	41
40	40	166
40	40	521
40	40	522
40	40	523
40	40	524
41	40	39
41	40	40
41	40	41
41	40	42
41	40	167
41	40	522
41	40	523
41	40	524
41	40	525
39	41	37
39	41	38
39	41	39
39	41	40
39	41	165
39	41	520
39	41	521
39	41	522
39	41	523
40	41	38
40	41	39
40	41	40
40	41	41
40	41	166
40	41	521
40	41	522
40	41	523
40	41	524
41	41	39
41	41	40
41	41	41
41	41	42
41	41	167
41	41	522
41	41	523
41	41	524
41	41	525
42	41	40
42	41	41
42	41	42
42	41	43
42	41	168
42	41	523
42	41	524
42	41	525
42	41	526
40	42	38
40	42	39
40	42	40
40	42	41
40	42	166
40	42	521
40	42	522
40	42	523
40	42	524
41	42	39
41	42	40
41	42	41
41	42	42
41	42	167
41	42	522
41	42	523
41	42	524
41	42	525
42	42	40
42	42	41
42	42	42
42	42	43
42	42	168
42	42	523
42	42	524
42	42	525
42	42	526
43	42	41
43	42	42
43	42	43
43	42	44
43	42	169
43	42	524
43	42	525
43	42	526
43	42	527
41	43	39
41	43	40
41	43	41
41	43	42
41	43	167
41	43	522
41	43	523
41	43	524
41	43	525
42	43	40
42	43	41
42	43	42
42	43	43
42	43	168
42	43	523
42	43	524
42	43	525
42	43	526
43	43	41
43	43	42
43	43	43
43	43	44
43	43	169
43	43	524
43	43	525
43	43	526
43	43	527
44	43	42
44	43	43
44	43	44
44	43	45
44	43	170
44	43	525
44	43	526
44	43	527
44	43	528
42	44	40
42	44	41
42	44	42
42	44	43
42	44	168
42	44	523
42	44	524
42	44	525
42	44	526
43	44	41
43	44	42
43	44	43
43	44	44
43	44	169
43	44	524
43	44	525
43	44	526
43	44	527
44	44	42
44	44	43
44	44	44
44	44	45
44	44	170
44	44	525
44	44	526
44	44	527
44	44	528
45	44	43
45	44	44
45	44	45
45	44	46
45	44	171
45	44	526
45	44	527
45	44	528
45	44	529
43	45	41
43	45	42
43	45	43
43	45	44
43	45	169
43	45	524
43	45	525
43	45	526
43	45	527
44	45	42
44	45	43
44	45	44
44	45	45
44	45	170
44	45	525
44	45	526
44	45	527
44	45	528
45	45	43
45	45	44
45	45	45
45	45	46
45	45	171
45	45	526
45	45	527
45	45	528
45	45	529
46	45	44
46	45	45
46	45	46
46	45	47
46	45	172
46	45	527
46	45	528
46	45	529
46	45	530
44	46	42
44	46	43
44	46	44
44	46	45
44	46	170
44	46	525
44	46	526
44	46	527
44	46	528
45	46	43
45	46	44
45	46	45
45	46	46
45	46	171
45	46	526
45	46	527
45	46	528
45	46	529
46	46	44
46	46	45
46	46	46
46	46	47
46	46	172
46	46	527
46	46	528
46	46	529
46	46	530
47	46	45
47	46	46
47	46	47
47	46	48
47	46	173
47	46	528
47	46	529
47	46	530
47	46	531
45	47	43
45	47	44
45	47	45
45	47	46
45	47	171
45	47	526
45	47	527
45	47	528
45	47	529
46	47	44
46	47	45
46	47	46
46	47	47
46	47	172
46	47	527
46	47	528
46	47	529
46	47	530
47	47	45
47	47	46
47	47	47
47	47	48
47	47	173
47	47	528
47	47	529
47	47	530
47	47	531
48	47	46
48	47	47
48	47	48
48	47	49
48	47	174
48	47	529
48	47	530
48	47	531
48	47	532
46	48	44
46	48	45
46	48	46
46	48	47
46	48	172
46	48	527
46	48	528
46	48	529
46	48	530
47	48	45
47	48	46
47	48	47
47	48	48
47	48	173
47	48	528
47	48	529
47	48	530
47	48	531
48	48	46
48	48	47
48	48	48
48	48	49
48	48	174
48	48	529
48	48	530
48	48	531
48	48	532
49	48	47
49	48	48
49	48	49
49	48	50
49	48	175
49	48	530
49	48	531
49	48	532
49	48	533
47	49	45
47	49	46
47	49	47
47	49	48
47	49	173
47	49	528
47	49	529
47	49	530
47	49	531
48	49	46
48	49	47
48	49	48
48	49	49
48	49	174
48	49	529
48	49	530
48	49	531
48	49	532
49	49	47
49	49	48
49	49	49
49	49	50
49	49	175
49	49	530
49	49	531
49	49	532
49	49	533
50	49	48
50	49	49
50	49	50
50	49	51
50	49	176
50	49	531
50	49	532
50	49	533
50	49	534
48	50	46
48	50	47
48	50	48
48	50	49
48	50	174
48	50	529
48	50	530
48	50	531
48	50	532
49	50	47
49	50	48
49	50	49
49	50	50
49	50	175
49	50	530
49	50	531
49	50	532
49	50	533
50	50	48
50	50	49
50	50	50
50	50	51
50	50	176
50	50	531
50	50	532
50	50	533
50	50	534
51	50	49
51	50	50
51	50	51
51	50	52
51	50	177
51	50	532
51	50	533
51	50	534
51	50	535
49	51	47
49	51	48
49	51	49
49	51	50
49	51	175
49	51	530
49	51	531
49	51	532
49	51	533
50	51	48
50	51	49
50	51	50
50	51	51
50	51	176
50	51	531
50	51	532
50	51	533
50	51	534
51	51	49
51	51	50
51	51	51
51	51	52
51	51	177
51	51	532
51	51	533
51	51	534
51	51	535
52	51	50
52	51	51
52	51	52
52	51	53
52	51	178
52	51	533
52	51	534
52	51	535
52	51	536
50	52	48
50	52	49
50	52	50
50	52	51
50	52	176
50	52	531
50	52	532
50	52	533
50	52	534
51	52	49
51	52	50
51	52	51
51	52	52
51	52	177
51	52	532
51	52	533
51	52	534
51	52	535
52	52	50
52	52	51
52	52	52
52	52	53
52	52	178
52	52	533
52	52	534
52	52	535
52	52	536
53	52	1
53	52	51
53	52	52
53	52	53
53	52	54
53	52	179
53	52	534
53	52	535
53	52	536
53	52	537
1	53	1
1	53	2
1	53	3
1	53	55
1	53	539
51	53	49
51	53	50
51	53	51
51	53	52
51	53	177
51	53	532
51	53	533
51	53	534
51	53	535
52	53	50
52	53	51
52	53	52
52	53	53
52	53	178
52	53	533
52	53	534
52	53	535
52	53	536
53	53	1
53	53	51
53	53	52
53	53	53
53	53	54
53	53	179
53	53	534
53	53	535
53	53	536
53	53	537
54	53	1
54	53	52
54	53	53
54	53	54
54	53	55
54	53	180
54	53	535
54	53	536
54	53	537
54	53	538
1	54	1
1	54	2
1	54	3
1	54	55
1	54	539
52	54	50
52	54	51
52	54	52
52	54	53
52	54	178
52	54	533
52	54	534
52	54	535
52	54	536
53	54	1
53	54	51
53	54	52
53	54	53
53	54	54
53	54	179
53	54	534
53	54	535
53	54	536
53	54	537
54	54	1
54	54	52
54	54	53
54	54	54
54	54	55
54	54	180
54	54	535
54	54	536
54	54	537
54	54	538
55	54	1
55	54	2
55	54	3
55	54	53
55	54	54
55	54	55
55	54	56
55	54	181
55	54	536
55	54	537
55	54	538
55	54	539
1	55	1
1	55	2
1	55	3
1	55	55
1	55	539
2	55	1
2	55	2
2	55	3
2	55	56
2	55	539
3	55	2
3	55	3
3	55	4
3	55	57
3	55	539
53	55	1
53	55	51
53	55	52
53	55	53
53	55	54
53	55	179
53	55	534
53	55	535
53	55	536
53	55	537
54	55	1
54	55	52
54	55	53
54	55	54
54	55	55
54	55	180
54	55	535
54	55	536
54	55	537
54	55	538
55	55	1
55	55	2
55	55	3
55	55	53
55	55	54
55	55	55
55	55	56
55	55	181
55	55	536
55	55	537
55	55	538
55	55	539
56	55	1
56	55	2
56	55	3
56	55	4
56	55	54
56	55	55
56	55	56
56	55	57
56	55	182
56	55	537
56	55	538
56	55	539
1	56	1
1	56	2
1	56	3
1	56	55
1	56	539
2	56	1
2	56	2
2	56	3
2	56	56
2	56	539
3	56	2
3	56	3
3	56	4
3	56	57
3	56	539
4	56	3
4	56	4
4	56	58
4	56	539
54	56	1
54	56	52
54	56	53
54	56	54
54	56	55
54	56	180
54	56	535
54	56	536
54	56	537
54	56	538
55	56	1
55	56	2
55	56	3
55	56	53
55	56	54
55	56	55
55	56	56
55	56	181
55	56	536
55	56	537
55	56	538
55	56	539
56	56	1
56	56	2
56	56	3
56	56	4
56	56	54
56	56	55
56	56	56
56	56	57
56	56	182
56	56	537
56	56	538
56	56	539
57	56	1
57	56	2
57	56	3
57	56	4
57	56	56
57	56	57
57	56	58
57	56	59
57	56	183
57	56	538
57	56	539
57	56	540
1	57	1
1	57	2
1	57	3
1	57	55
1	57	539
2	57	1
2	57	2
2	57	3
2	57	56
2	57	539
3	57	2
3	57	3
3	57	4
3	57	57
3	57	539
4	57	3
4	57	4
4	57	58
4	57	539
56	57	1
56	57	2
56	57	3
56	57	4
56	57	54
56	57	55
56	57	56
56	57	57
56	57	182
56	57	537
56	57	538
56	57	539
57	57	1
57	57	2
57	57	3
57	57	4
57	57	56
57	57	57
57	57	58
57	57	59
57	57	183
57	57	538
57	57	539
57	57	540
58	57	2
58	57	3
58	57	4
58	57	57
58	57	58
58	57	59
58	57	60
58	57	184
58	57	539
58	57	540
58	57	541
59	57	4
59	57	58
59	57	59
59	57	60
59	57	61
59	57	185
59	57	540
59	57	541
59	57	542
2	58	1
2	58	2
2	58	3
2	58	56
2	58	539
3	58	2
3	58	3
3	58	4
3	58	57
3	58	539
4	58	3
4	58	4
4	58	58
4	58	539
57	58	1
57	58	2
57	58	3
57	58	4
57	58	56
57	58	57
57	58	58
57	58	59
57	58	183
57	58	538
57	58	539
57	58	540
58	58	2
58	58	3
58	58	4
58	58	57
58	58	58
58	58	59
58	58	60
58	58	184
58	58	539
58	58	540
58	58	541
59	58	4
59	58	58
59	58	59
59	58	60
59	58	61
59	58	185
59	58	540
59	58	541
59	58	542
60	58	4
60	58	59
60	58	60
60	58	61
60	58	62
60	58	186
60	58	540
60	58	541
60	58	542
60	58	543
4	59	3
4	59	4
4	59	58
4	59	539
58	59	2
58	59	3
58	59	4
58	59	57
58	59	58
58	59	59
58	59	60
58	59	184
58	59	539
58	59	540
58	59	541
59	59	4
59	59	58
59	59	59
59	59	60
59	59	61
59	59	185
59	59	540
59	59	541
59	59	542
60	59	4
60	59	59
60	59	60
60	59	61
60	59	62
60	59	186
60	59	540
60	59	541
60	59	542
60	59	543
61	59	60
61	59	61
61	59	62
61	59	63
61	59	187
61	59	541
61	59	542
61	59	543
61	59	544
4	60	3
4	60	4
4	60	58
4	60	539
59	60	4
59	60	58
59	60	59
59	60	60
59	60	61
59	60	185
59	60	540
59	60	541
59	60	542
60	60	4
60	60	59
60	60	60
60	60	61
60	60	62
60	60	186
60	60	540
60	60	541
60	60	542
60	60	543
61	60	60
61	60	61
61	60	62
61	60	63
61	60	187
61	60	541
61	60	542
61	60	543
61	60	544
62	60	61
62	60	62
62	60	63
62	60	64
62	60	188
62	60	542
62	60	543
62	60	544
62	60	545
60	61	4
60	61	59
60	61	60
60	61	61
60	61	62
60	61	186
60	61	540
60	61	541
60	61	542
60	61	543
61	61	60
61	61	61
61	61	62
61	61	63
61	61	187
61	61	541
61	61	542
61	61	543
61	61	544
62	61	61
62	61	62
62	61	63
62	61	64
62	61	188
62	61	542
62	61	543
62	61	544
62	61	545
63	61	62
63	61	63
63	61	64
63	61	65
63	61	189
63	61	543
63	61	544
63	61	545
63	61	546
61	62	60
61	62	61
61	62	62
61	62	63
61	62	187
61	62	541
61	62	542
61	62	543
61	62	544
62	62	61
62	62	62
62	62	63
62	62	64
62	62	188
62	62	542
62	62	543
62	62	544
62	62	545
63	62	62
63	62	63
63	62	64
63	62	65
63	62	189
63	62	543
63	62	544
63	62	545
63	62	546
64	62	63
64	62	64
64	62	65
64	62	66
64	62	190
64	62	544
64	62	545
64	62	546
64	62	547
62	63	61
62	63	62
62	63	63
62	63	64
62	63	188
62	63	542
62	63	543
62	63	544
62	63	545
63	63	62
63	63	63
63	63	64
63	63	65
63	63	189
63	63	543
63	63	544
63	63	545
63	63	546
64	63	63
64	63	64
64	63	65
64	63	66
64	63	190
64	63	544
64	63	545
64	63	546
64	63	547
65	63	64
65	63	65
65	63	66
65	63	67
65	63	191
65	63	545
65	63	546
65	63	547
65	63	548
63	64	62
63	64	63
63	64	64
63	64	65
63	64	189
63	64	543
63	64	544
63	64	545
63	64	546
64	64	63
64	64	64
64	64	65
64	64	66
64	64	190
64	64	544
64	64	545
64	64	546
64	64	547
65	64	64
65	64	65
65	64	66
65	64	67
65	64	191
65	64	545
65	64	546
65	64	547
65	64	548
66	64	65
66	64	66
66	64	67
66	64	68
66	64	192
66	64	546
66	64	547
66	64	548
66	64	549
64	65	63
64	65	64
64	65	65
64	65	66
64	65	190
64	65	544
64	65	545
64	65	546
64	65	547
65	65	64
65	65	65
65	65	66
65	65	67
65	65	191
65	65	545
65	65	546
65	65	547
65	65	548
66	65	65
66	65	66
66	65	67
66	65	68
66	65	192
66	65	546
66	65	547
66	65	548
66	65	549
67	65	66
67	65	67
67	65	68
67	65	69
67	65	193
67	65	547
67	65	548
67	65	549
67	65	550
65	66	64
65	66	65
65	66	66
65	66	67
65	66	191
65	66	545
65	66	546
65	66	547
65	66	548
66	66	65
66	66	66
66	66	67
66	66	68
66	66	192
66	66	546
66	66	547
66	66	548
66	66	549
67	66	66
67	66	67
67	66	68
67	66	69
67	66	193
67	66	547
67	66	548
67	66	549
67	66	550
68	66	67
68	66	68
68	66	69
68	66	70
68	66	194
68	66	548
68	66	549
68	66	550
68	66	551
66	67	65
66	67	66
66	67	67
66	67	68
66	67	192
66	67	546
66	67	547
66	67	548
66	67	549
67	67	66
67	67	67
67	67	68
67	67	69
67	67	193
67	67	547
67	67	548
67	67	549
67	67	550
68	67	67
68	67	68
68	67	69
68	67	70
68	67	194
68	67	548
68	67	549
68	67	550
68	67	551
69	67	68
69	67	69
69	67	70
69	67	71
69	67	195
69	67	549
69	67	550
69	67	551
69	67	552
67	68	66
67	68	67
67	68	68
67	68	69
67	68	193
67	68	547
67	68	548
67	68	549
67	68	550
68	68	67
68	68	68
68	68	69
68	68	70
68	68	194
68	68	548
68	68	549
68	68	550
68	68	551
69	68	68
69	68	69
69	68	70
69	68	71
69	68	195
69	68	549
69	68	550
69	68	551
69	68	552
70	68	69
70	68	70
70	68	71
70	68	72
70	68	196
70	68	550
70	68	551
70	68	552
70	68	553
68	69	67
68	69	68
68	69	69
68	69	70
68	69	194
68	69	548
68	69	549
68	69	550
68	69	551
69	69	68
69	69	69
69	69	70
69	69	71
69	69	195
69	69	549
69	69	550
69	69	551
69	69	552
70	69	69
70	69	70
70	69	71
70	69	72
70	69	196
70	69	550
70	69	551
70	69	552
70	69	553
71	69	70
71	69	71
71	69	72
71	69	73
71	69	197
71	69	551
71	69	552
71	69	553
71	69	554
69	70	68
69	70	69
69	70	70
69	70	71
69	70	195
69	70	549
69	70	550
69	70	551
69	70	552
70	70	69
70	70	70
70	70	71
70	70	72
70	70	196
70	70	550
70	70	551
70	70	552
70	70	553
71	70	70
71	70	71
71	70	72
71	70	73
71	70	197
71	70	551
71	70	552
71	70	553
71	70	554
72	70	71
72	70	72
72	70	73
72	70	74
72	70	198
72	70	552
72	70	553
72	70	554
72	70	555
70	71	69
70	71	70
70	71	71
70	71	72
70	71	196
70	71	550
70	71	551
70	71	552
70	71	553
71	71	70
71	71	71
71	71	72
71	71	73
71	71	197
71	71	551
71	71	552
71	71	553
71	71	554
72	71	71
72	71	72
72	71	73
72	71	74
72	71	198
72	71	552
72	71	553
72	71	554
72	71	555
73	71	72
73	71	73
73	71	74
73	71	75
73	71	199
73	71	553
73	71	554
73	71	555
73	71	556
71	72	70
71	72	71
71	72	72
71	72	73
71	72	197
71	72	551
71	72	552
71	72	553
71	72	554
72	72	71
72	72	72
72	72	73
72	72	74
72	72	198
72	72	552
72	72	553
72	72	554
72	72	555
73	72	72
73	72	73
73	72	74
73	72	75
73	72	199
73	72	553
73	72	554
73	72	555
73	72	556
74	72	73
74	72	74
74	72	75
74	72	76
74	72	200
74	72	554
74	72	555
74	72	556
74	72	557
72	73	71
72	73	72
72	73	73
72	73	74
72	73	198
72	73	552
72	73	553
72	73	554
72	73	555
73	73	72
73	73	73
73	73	74
73	73	75
73	73	199
73	73	553
73	73	554
73	73	555
73	73	556
74	73	73
74	73	74
74	73	75
74	73	76
74	73	200
74	73	554
74	73	555
74	73	556
74	73	557
75	73	74
75	73	75
75	73	76
75	73	77
75	73	201
75	73	555
75	73	556
75	73	557
75	73	558
73	74	72
73	74	73
73	74	74
73	74	75
73	74	199
73	74	553
73	74	554
73	74	555
73	74	556
74	74	73
74	74	74
74	74	75
74	74	76
74	74	200
74	74	554
74	74	555
74	74	556
74	74	557
75	74	74
75	74	75
75	74	76
75	74	77
75	74	201
75	74	555
75	74	556
75	74	557
75	74	558
76	74	75
76	74	76
76	74	77
76	74	78
76	74	202
76	74	556
76	74	557
76	74	558
76	74	559
74	75	73
74	75	74
74	75	75
74	75	76
74	75	200
74	75	554
74	75	555
74	75	556
74	75	557
75	75	74
75	75	75
75	75	76
75	75	77
75	75	201
75	75	555
75	75	556
75	75	557
75	75	558
76	75	75
76	75	76
76	75	77
76	75	78
76	75	202
76	75	556
76	75	557
76	75	558
76	75	559
77	75	76
77	75	77
77	75	78
77	75	79
77	75	203
77	75	557
77	75	558
77	75	559
77	75	560
75	76	74
75	76	75
75	76	76
75	76	77
75	76	201
75	76	555
75	76	556
75	76	557
75	76	558
76	76	75
76	76	76
76	76	77
76	76	78
76	76	202
76	76	556
76	76	557
76	76	558
76	76	559
77	76	76
77	76	77
77	76	78
77	76	79
77	76	203
77	76	557
77	76	558
77	76	559
77	76	560
78	76	77
78	76	78
78	76	79
78	76	80
78	76	204
78	76	558
78	76	559
78	76	560
78	76	561
76	77	75
76	77	76
76	77	77
76	77	78
76	77	202
76	77	556
76	77	557
76	77	558
76	77	559
77	77	76
77	77	77
77	77	78
77	77	79
77	77	203
77	77	557
77	77	558
77	77	559
77	77	560
78	77	77
78	77	78
78	77	79
78	77	80
78	77	204
78	77	558
78	77	559
78	77	560
78	77	561
79	77	78
79	77	79
79	77	80
79	77	81
79	77	205
79	77	559
79	77	560
79	77	561
79	77	562
77	78	76
77	78	77
77	78	78
77	78	79
77	78	203
77	78	557
77	78	558
77	78	559
77	78	560
78	78	77
78	78	78
78	78	79
78	78	80
78	78	204
78	78	558
78	78	559
78	78	560
78	78	561
79	78	78
79	78	79
79	78	80
79	78	81
79	78	205
79	78	559
79	78	560
79	78	561
79	78	562
80	78	79
80	78	80
80	78	81
80	78	82
80	78	206
80	78	560
80	78	561
80	78	562
80	78	563
78	79	77
78	79	78
78	79	79
78	79	80
78	79	204
78	79	558
78	79	559
78	79	560
78	79	561
79	79	78
79	79	79
79	79	80
79	79	81
79	79	205
79	79	559
79	79	560
79	79	561
79	79	562
80	79	79
80	79	80
80	79	81
80	79	82
80	79	206
80	79	560
80	79	561
80	79	562
80	79	563
81	79	80
81	79	81
81	79	82
81	79	83
81	79	207
81	79	561
81	79	562
81	79	563
81	79	564
79	80	78
79	80	79
79	80	80
79	80	81
79	80	205
79	80	559
79	80	560
79	80	561
79	80	562
80	80	79
80	80	80
80	80	81
80	80	82
80	80	206
80	80	560
80	80	561
80	80	562
80	80	563
81	80	80
81	80	81
81	80	82
81	80	83
81	80	207
81	80	561
81	80	562
81	80	563
81	80	564
82	80	81
82	80	82
82	80	83
82	80	84
82	80	208
82	80	562
82	80	563
82	80	564
82	80	565
80	81	79
80	81	80
80	81	81
80	81	82
80	81	206
80	81	560
80	81	561
80	81	562
80	81	563
81	81	80
81	81	81
81	81	82
81	81	83
81	81	207
81	81	561
81	81	562
81	81	563
81	81	564
82	81	81
82	81	82
82	81	83
82	81	84
82	81	208
82	81	562
82	81	563
82	81	564
82	81	565
83	81	82
83	81	83
83	81	84
83	81	85
83	81	209
83	81	563
83	81	564
83	81	565
83	81	566
81	82	80
81	82	81
81	82	82
81	82	83
81	82	207
81	82	561
81	82	562
81	82	563
81	82	564
82	82	81
82	82	82
82	82	83
82	82	84
82	82	208
82	82	562
82	82	563
82	82	564
82	82	565
83	82	82
83	82	83
83	82	84
83	82	85
83	82	209
83	82	563
83	82	564
83	82	565
83	82	566
84	82	83
84	82	84
84	82	85
84	82	86
84	82	210
84	82	564
84	82	565
84	82	566
84	82	567
82	83	81
82	83	82
82	83	83
82	83	84
82	83	208
82	83	562
82	83	563
82	83	564
82	83	565
83	83	82
83	83	83
83	83	84
83	83	85
83	83	209
83	83	563
83	83	564
83	83	565
83	83	566
84	83	83
84	83	84
84	83	85
84	83	86
84	83	210
84	83	564
84	83	565
84	83	566
84	83	567
85	83	84
85	83	85
85	83	86
85	83	87
85	83	211
85	83	565
85	83	566
85	83	567
85	83	568
83	84	82
83	84	83
83	84	84
83	84	85
83	84	209
83	84	563
83	84	564
83	84	565
83	84	566
84	84	83
84	84	84
84	84	85
84	84	86
84	84	210
84	84	564
84	84	565
84	84	566
84	84	567
85	84	84
85	84	85
85	84	86
85	84	87
85	84	211
85	84	565
85	84	566
85	84	567
85	84	568
86	84	85
86	84	86
86	84	87
86	84	88
86	84	212
86	84	566
86	84	567
86	84	568
86	84	569
84	85	83
84	85	84
84	85	85
84	85	86
84	85	210
84	85	564
84	85	565
84	85	566
84	85	567
85	85	84
85	85	85
85	85	86
85	85	87
85	85	211
85	85	565
85	85	566
85	85	567
85	85	568
86	85	85
86	85	86
86	85	87
86	85	88
86	85	212
86	85	566
86	85	567
86	85	568
86	85	569
87	85	86
87	85	87
87	85	88
87	85	89
87	85	213
87	85	567
87	85	568
87	85	569
87	85	570
85	86	84
85	86	85
85	86	86
85	86	87
85	86	211
85	86	565
85	86	566
85	86	567
85	86	568
86	86	85
86	86	86
86	86	87
86	86	88
86	86	212
86	86	566
86	86	567
86	86	568
86	86	569
87	86	86
87	86	87
87	86	88
87	86	89
87	86	213
87	86	567
87	86	568
87	86	569
87	86	570
88	86	87
88	86	88
88	86	89
88	86	90
88	86	214
88	86	568
88	86	569
88	86	570
88	86	571
86	87	85
86	87	86
86	87	87
86	87	88
86	87	212
86	87	566
86	87	567
86	87	568
86	87	569
87	87	86
87	87	87
87	87	88
87	87	89
87	87	213
87	87	567
87	87	568
87	87	569
87	87	570
88	87	87
88	87	88
88	87	89
88	87	90
88	87	214
88	87	568
88	87	569
88	87	570
88	87	571
89	87	88
89	87	89
89	87	90
89	87	91
89	87	215
89	87	569
89	87	570
89	87	571
89	87	572
87	88	86
87	88	87
87	88	88
87	88	89
87	88	213
87	88	567
87	88	568
87	88	569
87	88	570
88	88	87
88	88	88
88	88	89
88	88	90
88	88	214
88	88	568
88	88	569
88	88	570
88	88	571
89	88	88
89	88	89
89	88	90
89	88	91
89	88	215
89	88	569
89	88	570
89	88	571
89	88	572
90	88	89
90	88	90
90	88	91
90	88	92
90	88	216
90	88	570
90	88	571
90	88	572
90	88	573
88	89	87
88	89	88
88	89	89
88	89	90
88	89	214
88	89	568
88	89	569
88	89	570
88	89	571
89	89	88
89	89	89
89	89	90
89	89	91
89	89	215
89	89	569
89	89	570
89	89	571
89	89	572
90	89	89
90	89	90
90	89	91
90	89	92
90	89	216
90	89	570
90	89	571
90	89	572
90	89	573
91	89	90
91	89	91
91	89	92
91	89	93
91	89	217
91	89	571
91	89	572
91	89	573
91	89	574
89	90	88
89	90	89
89	90	90
89	90	91
89	90	215
89	90	569
89	90	570
89	90	571
89	90	572
90	90	89
90	90	90
90	90	91
90	90	92
90	90	216
90	90	570
90	90	571
90	90	572
90	90	573
91	90	90
91	90	91
91	90	92
91	90	93
91	90	217
91	90	571
91	90	572
91	90	573
91	90	574
92	90	91
92	90	92
92	90	93
92	90	94
92	90	218
92	90	572
92	90	573
92	90	574
92	90	575
90	91	89
90	91	90
90	91	91
90	91	92
90	91	216
90	91	570
90	91	571
90	91	572
90	91	573
91	91	90
91	91	91
91	91	92
91	91	93
91	91	217
91	91	571
91	91	572
91	91	573
91	91	574
92	91	91
92	91	92
92	91	93
92	91	94
92	91	218
92	91	572
92	91	573
92	91	574
92	91	575
93	91	92
93	91	93
93	91	94
93	91	95
93	91	219
93	91	573
93	91	574
93	91	575
93	91	576
91	92	90
91	92	91
91	92	92
91	92	93
91	92	217
91	92	571
91	92	572
91	92	573
91	92	574
92	92	91
92	92	92
92	92	93
92	92	94
92	92	218
92	92	572
92	92	573
92	92	574
92	92	575
93	92	92
93	92	93
93	92	94
93	92	95
93	92	219
93	92	573
93	92	574
93	92	575
93	92	576
94	92	93
94	92	94
94	92	95
94	92	96
94	92	220
94	92	574
94	92	575
94	92	576
94	92	577
92	93	91
92	93	92
92	93	93
92	93	94
92	93	218
92	93	572
92	93	573
92	93	574
92	93	575
93	93	92
93	93	93
93	93	94
93	93	95
93	93	219
93	93	573
93	93	574
93	93	575
93	93	576
94	93	93
94	93	94
94	93	95
94	93	96
94	93	220
94	93	574
94	93	575
94	93	576
94	93	577
95	93	94
95	93	95
95	93	96
95	93	97
95	93	221
95	93	575
95	93	576
95	93	577
95	93	578
93	94	92
93	94	93
93	94	94
93	94	95
93	94	219
93	94	573
93	94	574
93	94	575
93	94	576
94	94	93
94	94	94
94	94	95
94	94	96
94	94	220
94	94	574
94	94	575
94	94	576
94	94	577
95	94	94
95	94	95
95	94	96
95	94	97
95	94	221
95	94	575
95	94	576
95	94	577
95	94	578
96	94	95
96	94	96
96	94	97
96	94	98
96	94	222
96	94	576
96	94	577
96	94	578
96	94	579
94	95	93
94	95	94
94	95	95
94	95	96
94	95	220
94	95	574
94	95	575
94	95	576
94	95	577
95	95	94
95	95	95
95	95	96
95	95	97
95	95	221
95	95	575
95	95	576
95	95	577
95	95	578
96	95	95
96	95	96
96	95	97
96	95	98
96	95	222
96	95	576
96	95	577
96	95	578
96	95	579
97	95	96
97	95	97
97	95	98
97	95	99
97	95	223
97	95	577
97	95	578
97	95	579
97	95	580
95	96	94
95	96	95
95	96	96
95	96	97
95	96	221
95	96	575
95	96	576
95	96	577
95	96	578
96	96	95
96	96	96
96	96	97
96	96	98
96	96	222
96	96	576
96	96	577
96	96	578
96	96	579
97	96	96
97	96	97
97	96	98
97	96	99
97	96	223
97	96	577
97	96	578
97	96	579
97	96	580
98	96	97
98	96	98
98	96	99
98	96	100
98	96	224
98	96	578
98	96	579
98	96	580
98	96	581
96	97	95
96	97	96
96	97	97
96	97	98
96	97	222
96	97	576
96	97	577
96	97	578
96	97	579
97	97	96
97	97	97
97	97	98
97	97	99
97	97	223
97	97	577
97	97	578
97	97	579
97	97	580
98	97	97
98	97	98
98	97	99
98	97	100
98	97	224
98	97	578
98	97	579
98	97	580
98	97	581
99	97	98
99	97	99
99	97	100
99	97	101
99	97	225
99	97	579
99	97	580
99	97	581
99	97	582
97	98	96
97	98	97
97	98	98
97	98	99
97	98	223
97	98	577
97	98	578
97	98	579
97	98	580
98	98	97
98	98	98
98	98	99
98	98	100
98	98	224
98	98	578
98	98	579
98	98	580
98	98	581
99	98	98
99	98	99
99	98	100
99	98	101
99	98	225
99	98	579
99	98	580
99	98	581
99	98	582
100	98	99
100	98	100
100	98	101
100	98	102
100	98	226
100	98	580
100	98	581
100	98	582
100	98	583
98	99	97
98	99	98
98	99	99
98	99	100
98	99	224
98	99	578
98	99	579
98	99	580
98	99	581
99	99	98
99	99	99
99	99	100
99	99	101
99	99	225
99	99	579
99	99	580
99	99	581
99	99	582
100	99	99
100	99	100
100	99	101
100	99	102
100	99	226
100	99	580
100	99	581
100	99	582
100	99	583
101	99	100
101	99	101
101	99	102
101	99	103
101	99	227
101	99	581
101	99	582
101	99	583
101	99	584
99	100	98
99	100	99
99	100	100
99	100	101
99	100	225
99	100	579
99	100	580
99	100	581
99	100	582
100	100	99
100	100	100
100	100	101
100	100	102
100	100	226
100	100	580
100	100	581
100	100	582
100	100	583
101	100	100
101	100	101
101	100	102
101	100	103
101	100	227
101	100	581
101	100	582
101	100	583
101	100	584
102	100	101
102	100	102
102	100	103
102	100	104
102	100	228
102	100	582
102	100	583
102	100	584
102	100	585
100	101	99
100	101	100
100	101	101
100	101	102
100	101	226
100	101	580
100	101	581
100	101	582
100	101	583
101	101	100
101	101	101
101	101	102
101	101	103
101	101	227
101	101	581
101	101	582
101	101	583
101	101	584
102	101	101
102	101	102
102	101	103
102	101	104
102	101	228
102	101	582
102	101	583
102	101	584
102	101	585
103	101	102
103	101	103
103	101	104
103	101	105
103	101	229
103	101	583
103	101	584
103	101	585
103	101	586
101	102	100
101	102	101
101	102	102
101	102	103
101	102	227
101	102	581
101	102	582
101	102	583
101	102	584
102	102	101
102	102	102
102	102	103
102	102	104
102	102	228
102	102	582
102	102	583
102	102	584
102	102	585
103	102	102
103	102	103
103	102	104
103	102	105
103	102	229
103	102	583
103	102	584
103	102	585
103	102	586
104	102	103
104	102	104
104	102	105
104	102	106
104	102	230
104	102	584
104	102	585
104	102	586
104	102	587
104	102	710
102	103	101
102	103	102
102	103	103
102	103	104
102	103	228
102	103	582
102	103	583
102	103	584
102	103	585
103	103	102
103	103	103
103	103	104
103	103	105
103	103	229
103	103	583
103	103	584
103	103	585
103	103	586
104	103	103
104	103	104
104	103	105
104	103	106
104	103	230
104	103	584
104	103	585
104	103	586
104	103	587
104	103	710
105	103	104
105	103	105
105	103	106
105	103	107
105	103	231
105	103	585
105	103	586
105	103	587
105	103	710
103	104	102
103	104	103
103	104	104
103	104	105
103	104	229
103	104	583
103	104	584
103	104	585
103	104	586
104	104	103
104	104	104
104	104	105
104	104	106
104	104	230
104	104	584
104	104	585
104	104	586
104	104	587
104	104	710
105	104	104
105	104	105
105	104	106
105	104	107
105	104	231
105	104	585
105	104	586
105	104	587
105	104	710
106	104	105
106	104	106
106	104	107
106	104	232
106	104	586
106	104	587
106	104	710
106	104	711
104	105	103
104	105	104
104	105	105
104	105	106
104	105	230
104	105	584
104	105	585
104	105	586
104	105	587
104	105	710
105	105	104
105	105	105
105	105	106
105	105	107
105	105	231
105	105	585
105	105	586
105	105	587
105	105	710
106	105	105
106	105	106
106	105	107
106	105	232
106	105	586
106	105	587
106	105	710
106	105	711
107	105	106
107	105	107
107	105	108
107	105	233
107	105	587
107	105	710
107	105	711
105	106	104
105	106	105
105	106	106
105	106	107
105	106	231
105	106	585
105	106	586
105	106	587
105	106	710
106	106	105
106	106	106
106	106	107
106	106	232
106	106	586
106	106	587
106	106	710
106	106	711
107	106	106
107	106	107
107	106	108
107	106	233
107	106	587
107	106	710
107	106	711
106	107	105
106	107	106
106	107	107
106	107	232
106	107	586
106	107	587
106	107	710
106	107	711
107	107	106
107	107	107
107	107	108
107	107	233
107	107	587
107	107	710
107	107	711
108	107	107
108	107	108
108	107	109
108	107	234
108	107	710
108	107	711
107	108	106
107	108	107
107	108	108
107	108	233
107	108	587
107	108	710
107	108	711
108	108	107
108	108	108
108	108	109
108	108	234
108	108	710
108	108	711
109	108	108
109	108	109
109	108	235
109	108	711
108	109	107
108	109	108
108	109	109
108	109	234
108	109	710
108	109	711
109	109	108
109	109	109
109	109	235
109	109	711
110	110	110
110	110	111
110	110	273
110	110	831
111	110	110
111	110	111
111	110	112
111	110	274
111	110	831
111	110	832
110	111	110
110	111	111
110	111	273
110	111	831
111	111	110
111	111	111
111	111	112
111	111	274
111	111	831
111	111	832
112	111	111
112	111	112
112	111	113
112	111	275
112	111	689
112	111	831
112	111	832
111	112	110
111	112	111
111	112	112
111	112	274
111	112	831
111	112	832
112	112	111
112	112	112
112	112	113
112	112	275
112	112	689
112	112	831
112	112	832
113	112	112
113	112	113
113	112	114
113	112	276
113	112	689
113	112	690
113	112	831
113	112	832
112	113	111
112	113	112
112	113	113
112	113	275
112	113	689
112	113	831
112	113	832
113	113	112
113	113	113
113	113	114
113	113	276
113	113	689
113	113	690
113	113	831
113	113	832
114	113	112
114	113	113
114	113	114
114	113	115
114	113	277
114	113	689
114	113	690
114	113	691
114	113	832
112	114	111
112	114	112
112	114	113
112	114	275
112	114	689
112	114	831
112	114	832
113	114	112
113	114	113
113	114	114
113	114	276
113	114	689
113	114	690
113	114	831
113	114	832
114	114	112
114	114	113
114	114	114
114	114	115
114	114	277
114	114	689
114	114	690
114	114	691
114	114	832
115	114	113
115	114	114
115	114	115
115	114	116
115	114	278
115	114	689
115	114	690
115	114	691
115	114	692
115	114	832
113	115	112
113	115	113
113	115	114
113	115	276
113	115	689
113	115	690
113	115	831
113	115	832
114	115	112
114	115	113
114	115	114
114	115	115
114	115	277
114	115	689
114	115	690
114	115	691
114	115	832
115	115	113
115	115	114
115	115	115
115	115	116
115	115	278
115	115	689
115	115	690
115	115	691
115	115	692
115	115	832
116	115	114
116	115	115
116	115	116
116	115	117
116	115	279
116	115	690
116	115	691
116	115	692
116	115	693
114	116	112
114	116	113
114	116	114
114	116	115
114	116	277
114	116	689
114	116	690
114	116	691
114	116	832
115	116	113
115	116	114
115	116	115
115	116	116
115	116	278
115	116	689
115	116	690
115	116	691
115	116	692
115	116	832
116	116	114
116	116	115
116	116	116
116	116	117
116	116	279
116	116	690
116	116	691
116	116	692
116	116	693
117	116	115
117	116	116
117	116	117
117	116	118
117	116	280
117	116	691
117	116	692
117	116	693
117	116	694
115	117	113
115	117	114
115	117	115
115	117	116
115	117	278
115	117	689
115	117	690
115	117	691
115	117	692
115	117	832
116	117	114
116	117	115
116	117	116
116	117	117
116	117	279
116	117	690
116	117	691
116	117	692
116	117	693
117	117	115
117	117	116
117	117	117
117	117	118
117	117	280
117	117	691
117	117	692
117	117	693
117	117	694
118	117	116
118	117	117
118	117	118
118	117	119
116	118	114
116	118	115
116	118	116
116	118	117
116	118	279
116	118	690
116	118	691
116	118	692
116	118	693
117	118	115
117	118	116
117	118	117
117	118	118
117	118	280
117	118	691
117	118	692
117	118	693
117	118	694
118	118	116
118	118	117
118	118	118
118	118	119
