Benchmark for usroads
----------------------------------------------------------
| Iteration | #T Delta | #Join | #Deduplicated join | #Union | #Deduplicated Union | Join(s) | Union(s) | Deduplication(s) | Memory clear(s)|
| --- | --- | --- | --- | --- | --- | --- | --- | --- | --- |
| 1 | 165,435 | 206,898 | 203,354 | 368,789 | 364,577 | 0.0008 | 0.0008 | 0.0009 | 0.0013 |
| 2 | 203,354 | 255,873 | 248,868 | 613,445 | 598,869 | 0.0008 | 0.0008 | 0.0009 | 0.0016 |
| 3 | 248,868 | 316,646 | 305,075 | 903,944 | 870,753 | 0.0009 | 0.0008 | 0.0009 | 0.0016 |
| 4 | 305,075 | 393,631 | 376,027 | 1,246,780 | 1,183,448 | 0.0008 | 0.0008 | 0.0009 | 0.0016 |
| 5 | 376,027 | 486,243 | 460,476 | 1,643,924 | 1,535,759 | 0.0008 | 0.0008 | 0.0010 | 0.0016 |
| 6 | 460,476 | 596,900 | 560,354 | 2,096,113 | 1,927,070 | 0.0009 | 0.0008 | 0.0010 | 0.0016 |
| 7 | 560,354 | 729,902 | 679,183 | 2,606,253 | 2,358,392 | 0.0022 | 0.0015 | 0.0023 | 0.0016 |
| 8 | 679,183 | 886,041 | 817,450 | 3,175,842 | 2,828,990 | 0.0022 | 0.0016 | 0.0024 | 0.0016 |
| 9 | 817,450 | 1,067,557 | 976,839 | 3,805,829 | 3,338,248 | 0.0023 | 0.0017 | 0.0068 | 0.0016 |
| 10 | 976,839 | 1,277,593 | 1,159,773 | 4,498,021 | 3,886,506 | 0.0022 | 0.0019 | 0.0082 | 0.0017 |
| 11 | 1,159,773 | 1,517,027 | 1,367,006 | 5,253,512 | 4,473,608 | 0.0022 | 0.0020 | 0.0026 | 0.0017 |
| 12 | 1,367,006 | 1,787,931 | 1,599,684 | 6,073,292 | 5,098,509 | 0.0023 | 0.0022 | 0.0026 | 0.0017 |
| 13 | 1,599,684 | 2,091,756 | 1,858,711 | 6,957,220 | 5,760,853 | 0.0023 | 0.0023 | 0.0028 | 0.0017 |
| 14 | 1,858,711 | 2,429,114 | 2,144,699 | 7,905,552 | 6,460,141 | 0.0024 | 0.0023 | 0.0030 | 0.0019 |
| 15 | 2,144,699 | 2,801,044 | 2,458,476 | 8,918,617 | 7,195,912 | 0.0026 | 0.0023 | 0.0032 | 0.0017 |
| 16 | 2,458,476 | 3,208,837 | 2,801,252 | 9,997,164 | 7,967,693 | 0.0027 | 0.0023 | 0.0034 | 0.0018 |
| 17 | 2,801,252 | 3,653,230 | 3,173,462 | 11,141,155 | 8,775,923 | 0.0032 | 0.0024 | 0.0036 | 0.0018 |
| 18 | 3,173,462 | 4,134,742 | 3,575,523 | 12,351,446 | 9,620,040 | 0.0036 | 0.0024 | 0.0039 | 0.0018 |
| 19 | 3,575,523 | 4,653,843 | 4,007,555 | 13,627,595 | 10,499,593 | 0.0038 | 0.0025 | 0.0041 | 0.0018 |
| 20 | 4,007,555 | 5,210,510 | 4,470,223 | 14,969,816 | 11,414,137 | 0.0041 | 0.0025 | 0.0045 | 0.0018 |
| 21 | 4,470,223 | 5,804,703 | 4,962,816 | 16,376,953 | 12,363,114 | 0.0044 | 0.0025 | 0.0047 | 0.0018 |
| 22 | 4,962,816 | 6,436,972 | 5,485,571 | 17,848,685 | 13,345,947 | 0.0044 | 0.0026 | 0.0053 | 0.0018 |
| 23 | 5,485,571 | 7,106,264 | 6,038,456 | 19,384,403 | 14,362,811 | 0.0045 | 0.0026 | 0.0054 | 0.0019 |
| 24 | 6,038,456 | 7,812,950 | 6,621,614 | 20,984,425 | 15,413,301 | 0.0045 | 0.0026 | 0.0057 | 0.0019 |
| 25 | 6,621,614 | 8,557,300 | 7,234,852 | 22,648,153 | 16,496,870 | 0.0046 | 0.0027 | 0.0058 | 0.0019 |
| 26 | 7,234,852 | 9,339,087 | 7,878,274 | 24,375,144 | 17,613,626 | 0.0069 | 0.0028 | 0.0060 | 0.0020 |
| 27 | 7,878,274 | 10,157,817 | 8,551,501 | 26,165,127 | 18,763,196 | 0.0047 | 0.0040 | 0.0057 | 0.0040 |
| 28 | 8,551,501 | 11,013,082 | 9,254,068 | 28,017,264 | 19,945,185 | 0.0048 | 0.0032 | 0.0066 | 0.0020 |
| 29 | 9,254,068 | 11,903,637 | 9,984,626 | 29,929,811 | 21,159,575 | 0.0048 | 0.0057 | 0.0068 | 0.0021 |
| 30 | 9,984,626 | 12,830,137 | 10,744,837 | 31,904,412 | 22,406,599 | 0.0048 | 0.0041 | 0.0078 | 0.0021 |
| 31 | 10,744,837 | 13,792,098 | 11,532,779 | 33,939,378 | 23,684,943 | 0.0049 | 0.0036 | 0.0079 | 0.0022 |
| 32 | 11,532,779 | 14,787,386 | 12,347,998 | 36,032,941 | 24,994,522 | 0.0049 | 0.0037 | 0.0077 | 0.0022 |
| 33 | 12,347,998 | 15,816,412 | 13,190,380 | 38,184,902 | 26,334,907 | 0.0049 | 0.0044 | 0.0092 | 0.0022 |
| 34 | 13,190,380 | 16,877,780 | 14,058,630 | 40,393,537 | 27,705,993 | 0.0049 | 0.0047 | 0.0089 | 0.0026 |
| 35 | 14,058,630 | 17,971,820 | 14,953,518 | 42,659,511 | 29,107,431 | 0.0050 | 0.0045 | 0.0100 | 0.0023 |
| 36 | 14,953,518 | 19,098,807 | 15,875,192 | 44,982,623 | 30,539,447 | 0.0049 | 0.0047 | 0.0099 | 0.0023 |
| 37 | 15,875,192 | 20,257,878 | 16,823,026 | 47,362,473 | 32,001,742 | 0.0061 | 0.0044 | 0.0110 | 0.0024 |
| 38 | 16,823,026 | 21,448,998 | 17,797,713 | 49,799,455 | 33,494,675 | 0.0060 | 0.0045 | 0.0111 | 0.0025 |
| 39 | 17,797,713 | 22,672,857 | 18,798,925 | 52,293,600 | 35,018,257 | 0.0051 | 0.0045 | 0.0109 | 0.0026 |
| 40 | 18,798,925 | 23,928,043 | 19,824,408 | 54,842,665 | 36,570,967 | 0.0052 | 0.0049 | 0.0106 | 0.0026 |
| 41 | 19,824,408 | 25,212,248 | 20,873,521 | 57,444,488 | 38,152,140 | 0.0050 | 0.0048 | 0.0117 | 0.0026 |
| 42 | 20,873,521 | 26,525,777 | 21,946,247 | 60,098,387 | 39,761,863 | 0.0063 | 0.0055 | 0.0120 | 0.0025 |
| 43 | 21,946,247 | 27,866,754 | 23,041,060 | 62,802,923 | 41,399,766 | 0.0053 | 0.0045 | 0.0119 | 0.0028 |
| 44 | 23,041,060 | 29,236,066 | 24,158,141 | 65,557,907 | 43,065,568 | 0.0052 | 0.0048 | 0.0116 | 0.0027 |
| 45 | 24,158,141 | 30,631,661 | 25,297,406 | 68,362,974 | 44,759,699 | 0.0062 | 0.0062 | 0.0140 | 0.0106 |
| 46 | 25,297,406 | 32,054,238 | 26,458,067 | 71,217,766 | 46,481,252 | 0.0116 | 0.0062 | 0.0174 | 0.0028 |
| 47 | 26,458,067 | 33,502,105 | 27,640,188 | 74,121,440 | 48,230,172 | 0.0054 | 0.0056 | 0.0138 | 0.0027 |
| 48 | 27,640,188 | 34,975,711 | 28,843,860 | 77,074,032 | 50,006,777 | 0.0075 | 0.0063 | 0.0139 | 0.0031 |
| 49 | 28,843,860 | 36,475,842 | 30,069,291 | 80,076,068 | 51,810,474 | 0.0075 | 0.0064 | 0.0141 | 0.0030 |
| 50 | 30,069,291 | 38,001,143 | 31,314,980 | 83,125,454 | 53,640,700 | 0.0075 | 0.0064 | 0.0150 | 0.0033 |
| 51 | 31,314,980 | 39,552,331 | 32,582,202 | 86,222,902 | 55,497,409 | 0.0076 | 0.0063 | 0.0162 | 0.0029 |
| 52 | 32,582,202 | 41,129,536 | 33,871,031 | 89,368,440 | 57,381,176 | 0.0087 | 0.0064 | 0.0171 | 0.0033 |
| 53 | 33,871,031 | 42,732,527 | 35,180,310 | 92,561,486 | 59,291,551 | 0.0088 | 0.0062 | 0.0172 | 0.0031 |
| 54 | 35,180,310 | 44,360,755 | 36,510,875 | 95,802,426 | 61,228,704 | 0.0087 | 0.0064 | 0.0170 | 0.0031 |
| 55 | 36,510,875 | 46,015,017 | 37,863,528 | 99,092,232 | 63,192,170 | 0.0099 | 0.0064 | 0.0181 | 0.0033 |
| 56 | 37,863,528 | 47,695,238 | 39,237,577 | 102,429,747 | 65,182,081 | 0.0088 | 0.0062 | 0.0182 | 0.0033 |
| 57 | 39,237,577 | 49,401,386 | 40,632,985 | 105,815,066 | 67,198,496 | 0.0089 | 0.0063 | 0.0181 | 0.0036 |
| 58 | 40,632,985 | 51,133,767 | 42,049,682 | 109,248,178 | 69,240,979 | 0.0085 | 0.0070 | 0.0207 | 0.0034 |
| 59 | 42,049,682 | 52,892,188 | 43,487,050 | 112,728,029 | 71,309,808 | 0.0090 | 0.0063 | 0.0200 | 0.0034 |
| 60 | 43,487,050 | 54,676,028 | 44,944,671 | 116,254,479 | 73,404,128 | 0.0090 | 0.0069 | 0.0205 | 0.0034 |
| 61 | 44,944,671 | 56,483,930 | 46,421,244 | 119,825,372 | 75,522,777 | 0.0091 | 0.0072 | 0.0212 | 0.0035 |
| 62 | 46,421,244 | 58,315,681 | 47,917,976 | 123,440,753 | 77,666,081 | 0.0091 | 0.0072 | 0.0222 | 0.0077 |
| 63 | 47,917,976 | 60,171,397 | 49,434,625 | 127,100,706 | 79,834,410 | 0.0108 | 0.0069 | 0.0229 | 0.0038 |
| 64 | 49,434,625 | 62,051,093 | 50,970,985 | 130,805,395 | 82,027,293 | 0.0092 | 0.0071 | 0.0234 | 0.0036 |
| 65 | 50,970,985 | 63,954,848 | 52,527,530 | 134,554,823 | 84,245,086 | 0.0102 | 0.0132 | 0.0245 | 0.0040 |
| 66 | 52,527,530 | 65,882,316 | 54,103,037 | 138,348,123 | 86,486,797 | 0.0101 | 0.0073 | 0.0253 | 0.0038 |
| 67 | 54,103,037 | 67,833,433 | 55,697,186 | 142,183,983 | 88,752,455 | 0.0094 | 0.0078 | 0.0251 | 0.0044 |
| 68 | 55,697,186 | 69,807,576 | 57,310,121 | 146,062,576 | 91,041,391 | 0.0094 | 0.0068 | 0.0265 | 0.0041 |
| 69 | 57,310,121 | 71,803,462 | 58,940,446 | 149,981,837 | 93,352,882 | 0.0102 | 0.0134 | 0.0264 | 0.0045 |
| 70 | 58,940,446 | 73,820,808 | 60,587,441 | 153,940,323 | 95,686,932 | 0.0095 | 0.0076 | 0.0267 | 0.0041 |
| 71 | 60,587,441 | 75,858,155 | 62,251,783 | 157,938,715 | 98,043,126 | 0.0106 | 0.0083 | 0.0271 | 0.0041 |
| 72 | 62,251,783 | 77,916,952 | 63,933,841 | 161,976,967 | 100,422,177 | 0.0107 | 0.0309 | 0.0283 | 0.0063 |
| 73 | 63,933,841 | 79,997,374 | 65,633,236 | 166,055,413 | 102,823,158 | 0.0107 | 0.0406 | 0.0282 | 0.0042 |
| 74 | 65,633,236 | 82,099,616 | 67,350,654 | 170,173,812 | 105,246,560 | 0.0308 | 0.0612 | 0.0293 | 0.0046 |
| 75 | 67,350,654 | 84,223,769 | 69,085,456 | 174,332,016 | 107,691,626 | 0.0332 | 0.0412 | 0.0302 | 0.0045 |
| 76 | 69,085,456 | 86,370,368 | 70,838,190 | 178,529,816 | 110,158,949 | 0.0434 | 0.0593 | 0.0314 | 0.0045 |
| 77 | 70,838,190 | 88,538,278 | 72,607,772 | 182,766,721 | 112,647,550 | 0.0141 | 0.0477 | 0.0324 | 0.0049 |
| 78 | 72,607,772 | 90,727,722 | 74,394,254 | 187,041,804 | 115,157,012 | 0.0406 | 0.0085 | 0.0472 | 0.0046 |
| 79 | 74,394,254 | 92,937,857 | 76,196,848 | 191,353,860 | 117,686,699 | 0.0110 | 0.0868 | 0.0468 | 0.0049 |
| 80 | 76,196,848 | 95,167,332 | 78,014,759 | 195,701,458 | 120,235,762 | 0.0110 | 0.0093 | 0.0635 | 0.0047 |
| 81 | 78,014,759 | 97,415,482 | 79,847,556 | 200,083,318 | 122,804,366 | 0.0122 | 0.1008 | 0.0725 | 0.0081 |
| 82 | 79,847,556 | 99,682,783 | 81,695,928 | 204,500,294 | 125,392,320 | 0.0111 | 0.1087 | 0.0353 | 0.0082 |
| 83 | 81,695,928 | 101,968,888 | 83,558,772 | 208,951,092 | 127,999,173 | 0.0113 | 0.0100 | 0.0362 | 0.0050 |
| 84 | 83,558,772 | 104,274,515 | 85,436,577 | 213,435,750 | 130,625,399 | 0.0123 | 0.1096 | 0.0373 | 0.0086 |
| 85 | 85,436,577 | 106,598,569 | 87,330,401 | 217,955,800 | 133,271,601 | 0.0124 | 0.0488 | 0.0372 | 0.0053 |
| 86 | 87,330,401 | 108,944,038 | 89,239,971 | 222,511,572 | 135,937,893 | 0.0440 | 0.1250 | 0.0680 | 0.0093 |
| 87 | 89,239,971 | 111,309,413 | 91,165,920 | 227,103,813 | 138,624,223 | 0.0135 | 0.0102 | 0.0401 | 0.0053 |
| 88 | 91,165,920 | 113,694,745 | 93,107,647 | 231,731,870 | 141,329,945 | 0.0145 | 0.1287 | 0.0396 | 0.0096 |
| 89 | 93,107,647 | 116,099,623 | 95,064,860 | 236,394,805 | 144,054,934 | 0.0137 | 0.1544 | 0.0395 | 0.0093 |
| 90 | 95,064,860 | 118,524,871 | 97,037,878 | 241,092,812 | 146,799,351 | 0.0137 | 0.0105 | 0.0427 | 0.0057 |
| 91 | 97,037,878 | 120,969,698 | 99,027,588 | 245,826,939 | 149,563,759 | 0.0133 | 0.0748 | 0.0429 | 0.0056 |
| 92 | 99,027,588 | 123,436,325 | 101,033,773 | 250,597,532 | 152,347,608 | 0.0380 | 0.0997 | 0.0815 | 0.0059 |
| 93 | 101,033,773 | 125,923,634 | 103,056,053 | 255,403,661 | 155,150,664 | 0.0148 | 0.1602 | 0.0470 | 0.0170 |
| 94 | 103,056,053 | 128,430,126 | 105,093,811 | 260,244,475 | 157,972,942 | 0.0167 | 0.0503 | 0.0452 | 0.0063 |
| 95 | 105,093,811 | 130,957,435 | 107,147,745 | 265,120,687 | 160,815,245 | 0.0162 | 0.1693 | 0.0484 | 0.0101 |
| 96 | 107,147,745 | 133,504,407 | 109,217,087 | 270,032,332 | 163,677,048 | 0.0152 | 0.0121 | 0.0470 | 0.0060 |
| 97 | 109,217,087 | 136,071,898 | 111,301,843 | 274,978,891 | 166,558,367 | 0.0153 | 0.0733 | 0.0488 | 0.0067 |
| 98 | 111,301,843 | 138,659,188 | 113,402,113 | 279,960,480 | 169,458,851 | 0.0169 | 0.1581 | 0.0975 | 0.0108 |
| 99 | 113,402,113 | 141,265,280 | 115,516,569 | 284,975,420 | 172,376,918 | 0.0174 | 0.0120 | 0.0596 | 0.0066 |
| 100 | 115,516,569 | 143,888,299 | 117,643,928 | 290,020,846 | 175,311,748 | 0.0248 | 0.1724 | 0.0503 | 0.0108 |
| 101 | 117,643,928 | 146,526,291 | 119,783,399 | 295,095,147 | 178,262,525 | 0.0176 | 0.0408 | 0.0528 | 0.0064 |
| 102 | 119,783,399 | 149,179,636 | 121,935,328 | 300,197,853 | 181,229,344 | 0.0502 | 0.1833 | 0.0761 | 0.0114 |
| 103 | 121,935,328 | 151,848,497 | 124,100,090 | 305,329,434 | 184,212,539 | 0.0171 | 0.1024 | 0.0525 | 0.0066 |
| 104 | 124,100,090 | 154,533,425 | 126,276,723 | 310,489,262 | 187,210,942 | 0.0177 | 0.0929 | 0.0811 | 0.0081 |
| 105 | 126,276,723 | 157,233,102 | 128,464,961 | 315,675,903 | 190,224,622 | 0.0178 | 0.1696 | 0.0549 | 0.0119 |
| 106 | 128,464,961 | 159,947,508 | 130,665,323 | 320,889,945 | 193,253,458 | 0.0179 | 0.0120 | 0.0560 | 0.0075 |
| 107 | 130,665,323 | 162,675,867 | 132,876,422 | 326,129,880 | 196,296,203 | 0.0189 | 0.1390 | 0.0562 | 0.0068 |
| 108 | 132,876,422 | 165,417,052 | 135,098,109 | 331,394,312 | 199,352,843 | 0.0594 | 0.1398 | 0.0578 | 0.0070 |
| 109 | 135,098,109 | 168,171,673 | 137,329,978 | 336,682,821 | 202,422,918 | 0.0192 | 0.1368 | 0.0581 | 0.0127 |
| 110 | 137,329,978 | 170,937,494 | 139,570,935 | 341,993,853 | 205,505,414 | 0.0192 | 0.0518 | 0.1073 | 0.0130 |
| 111 | 139,570,935 | 173,714,091 | 141,820,175 | 347,325,589 | 208,599,512 | 0.0508 | 0.1095 | 0.0600 | 0.0080 |
| 112 | 141,820,175 | 176,500,983 | 144,077,039 | 352,676,551 | 211,704,669 | 0.0771 | 0.1010 | 0.0611 | 0.0081 |
| 113 | 144,077,039 | 179,295,514 | 146,340,556 | 358,045,225 | 214,820,220 | 0.0204 | 0.1608 | 0.0864 | 0.0136 |
| 114 | 146,340,556 | 182,100,327 | 148,613,167 | 363,433,387 | 217,947,903 | 0.0310 | 0.0621 | 0.0622 | 0.0084 |
| 115 | 148,613,167 | 184,916,761 | 150,895,511 | 368,843,414 | 221,088,282 | 0.0206 | 0.2290 | 0.0861 | 0.0138 |
| 116 | 150,895,511 | 187,745,060 | 153,187,973 | 374,276,255 | 224,240,941 | 0.0217 | 0.0138 | 0.0652 | 0.0084 |
| 117 | 153,187,973 | 190,586,060 | 155,489,324 | 379,730,265 | 227,404,752 | 0.0208 | 0.2346 | 0.0868 | 0.0139 |
| 118 | 155,489,324 | 193,437,897 | 157,799,025 | 385,203,777 | 230,579,630 | 0.0208 | 0.1008 | 0.0673 | 0.0078 |
| 119 | 157,799,025 | 196,298,392 | 160,116,301 | 390,695,931 | 233,765,233 | 0.0208 | 0.2302 | 0.1162 | 0.0144 |
| 120 | 160,116,301 | 199,167,982 | 162,441,378 | 396,206,611 | 236,961,291 | 0.0209 | 0.0148 | 0.0682 | 0.0090 |
| 121 | 162,441,378 | 202,047,445 | 164,773,605 | 401,734,896 | 240,167,288 | 0.0209 | 0.1028 | 0.1155 | 0.0081 |
| 122 | 164,773,605 | 204,937,139 | 167,114,604 | 407,281,892 | 243,384,788 | 0.0221 | 0.1983 | 0.1521 | 0.0148 |
| 123 | 167,114,604 | 207,837,990 | 169,464,871 | 412,849,659 | 246,613,768 | 0.1093 | 0.0566 | 0.0713 | 0.0084 |
| 124 | 169,464,871 | 210,752,228 | 171,825,423 | 418,439,191 | 249,855,508 | 0.0212 | 0.1467 | 0.1091 | 0.0085 |
| 125 | 171,825,423 | 213,678,982 | 174,194,642 | 424,050,150 | 253,108,085 | 0.0233 | 0.1782 | 0.0733 | 0.0097 |
| 126 | 174,194,642 | 216,616,251 | 176,571,795 | 429,679,880 | 256,370,820 | 0.0886 | 0.1225 | 0.0744 | 0.0086 |
| 127 | 176,571,795 | 219,563,222 | 178,955,959 | 435,326,779 | 259,642,897 | 0.0225 | 0.1277 | 0.0754 | 0.0087 |
| 128 | 178,955,959 | 222,519,515 | 181,347,941 | 440,990,838 | 262,925,456 | 0.0328 | 0.2190 | 0.0756 | 0.0089 |
| 129 | 181,347,941 | 225,484,518 | 183,746,543 | 446,671,999 | 266,217,144 | 0.0238 | 0.1435 | 0.0930 | 0.0098 |
| 130 | 183,746,543 | 228,458,838 | 186,151,517 | 452,368,661 | 269,517,520 | 0.0659 | 0.1199 | 0.0871 | 0.0098 |
| 131 | 186,151,517 | 231,440,682 | 188,562,106 | 458,079,626 | 272,826,187 | 0.0647 | 0.0814 | 0.1341 | 0.0100 |
| 132 | 188,562,106 | 234,429,144 | 190,977,946 | 463,804,133 | 276,143,134 | 0.0249 | 0.2116 | 0.1119 | 0.0091 |
| 133 | 190,977,946 | 237,424,410 | 193,399,327 | 469,542,461 | 279,468,377 | 0.0271 | 0.1790 | 0.0836 | 0.0094 |
| 134 | 193,399,327 | 240,426,817 | 195,826,031 | 475,294,408 | 282,802,360 | 0.0252 | 0.1160 | 0.0845 | 0.0102 |
| 135 | 195,826,031 | 243,436,494 | 198,258,834 | 481,061,194 | 286,144,818 | 0.0252 | 0.2261 | 0.1170 | 0.0158 |
| 136 | 198,258,834 | 246,453,072 | 200,696,592 | 486,841,410 | 289,495,466 | 0.0568 | 0.0790 | 0.0845 | 0.0106 |
| 137 | 200,696,592 | 249,475,660 | 203,138,592 | 492,634,058 | 292,852,870 | 0.0989 | 0.1631 | 0.1401 | 0.0096 |
| 138 | 203,138,592 | 252,503,156 | 205,584,407 | 498,437,277 | 296,216,976 | 0.0516 | 0.1629 | 0.0878 | 0.0099 |
| 139 | 205,584,407 | 255,534,626 | 208,032,954 | 504,249,930 | 299,587,292 | 0.0276 | 0.1310 | 0.2046 | 0.0098 |
| 140 | 208,032,954 | 258,569,683 | 210,484,056 | 510,071,348 | 302,962,856 | 0.0353 | 0.1548 | 0.1105 | 0.0231 |
| 141 | 210,484,056 | 261,608,927 | 212,938,015 | 515,900,871 | 306,343,825 | 0.0267 | 0.2752 | 0.1578 | 0.0196 |
| 142 | 212,938,015 | 264,652,460 | 215,395,547 | 521,739,372 | 309,730,776 | 0.0267 | 0.0181 | 0.0938 | 0.0111 |
| 143 | 215,395,547 | 267,700,337 | 217,855,689 | 527,586,465 | 313,122,976 | 0.0270 | 0.1390 | 0.1983 | 0.0104 |
| 144 | 217,855,689 | 270,752,200 | 220,319,430 | 533,442,406 | 316,521,224 | 0.0920 | 0.1497 | 0.0954 | 0.0103 |
| 145 | 220,319,430 | 273,809,685 | 222,787,274 | 539,308,498 | 319,926,221 | 0.0270 | 0.1486 | 0.1614 | 0.0104 |
| 146 | 222,787,274 | 276,872,358 | 225,258,032 | 545,184,253 | 323,336,763 | 0.0271 | 0.2534 | 0.1605 | 0.0104 |
| 147 | 225,258,032 | 279,939,058 | 227,732,063 | 551,068,826 | 326,753,137 | 0.0272 | 0.1886 | 0.1654 | 0.0105 |
| 148 | 227,732,063 | 283,010,563 | 230,210,052 | 556,963,189 | 330,175,578 | 0.0300 | 0.2130 | 0.0993 | 0.0107 |
| 149 | 230,210,052 | 286,086,347 | 232,691,027 | 562,866,605 | 333,603,330 | 0.0294 | 0.2234 | 0.0989 | 0.0108 |
| 150 | 232,691,027 | 289,166,407 | 235,175,152 | 568,778,482 | 337,037,388 | 0.0300 | 0.0911 | 0.2056 | 0.0108 |
| 151 | 235,175,152 | 292,250,846 | 237,661,930 | 574,699,318 | 340,476,719 | 0.0296 | 0.0902 | 0.2393 | 0.0111 |
| 152 | 237,661,930 | 295,338,387 | 240,150,739 | 580,627,458 | 343,920,434 | 0.0296 | 0.1929 | 0.1682 | 0.0114 |
| 153 | 240,150,739 | 298,428,057 | 242,641,561 | 586,561,995 | 347,368,840 | 0.0298 | 0.2057 | 0.1047 | 0.0113 |
| 154 | 242,641,561 | 301,519,477 | 245,133,464 | 592,502,304 | 350,820,693 | 0.0298 | 0.1918 | 0.1774 | 0.0112 |
| 155 | 245,133,464 | 304,613,845 | 247,625,914 | 598,446,607 | 354,274,893 | 0.0318 | 0.1946 | 0.2135 | 0.0114 |
| 156 | 247,625,914 | 307,709,636 | 250,119,160 | 604,394,053 | 357,732,378 | 0.0300 | 0.1895 | 0.1563 | 0.0116 |
| 157 | 250,119,160 | 310,806,864 | 252,612,921 | 610,345,299 | 361,192,770 | 0.0951 | 0.1119 | 0.1794 | 0.0128 |
| 158 | 252,612,921 | 313,904,324 | 255,107,065 | 616,299,835 | 364,655,794 | 0.0312 | 0.1995 | 0.1589 | 0.0130 |
| 159 | 255,107,065 | 317,003,676 | 257,601,413 | 622,257,207 | 368,121,693 | 0.1177 | 0.2095 | 0.1820 | 0.0119 |
| 160 | 257,601,413 | 320,101,633 | 260,093,947 | 628,215,640 | 371,588,341 | 0.0323 | 0.3301 | 0.1100 | 0.0223 |
| 161 | 260,093,947 | 323,198,417 | 262,584,681 | 634,173,022 | 375,055,853 | 0.0323 | 0.1363 | 0.1139 | 0.0122 |
| 162 | 262,584,681 | 326,292,124 | 265,073,473 | 640,129,326 | 378,523,702 | 0.0324 | 0.2159 | 0.1143 | 0.0156 |
| 163 | 265,073,473 | 329,384,097 | 267,560,459 | 646,084,161 | 381,992,253 | 0.0335 | 0.0960 | 0.1162 | 0.0123 |
| 164 | 267,560,459 | 332,474,126 | 270,045,874 | 652,038,127 | 385,461,969 | 0.1282 | 0.2072 | 0.1708 | 0.0122 |
| 165 | 270,045,874 | 335,560,832 | 272,528,616 | 657,990,585 | 388,931,376 | 0.1071 | 0.3315 | 0.1945 | 0.0231 |
| 166 | 272,528,616 | 338,644,021 | 275,007,752 | 663,939,128 | 392,399,439 | 0.0330 | 0.1788 | 0.1182 | 0.0124 |
| 167 | 275,007,752 | 341,723,056 | 277,483,135 | 669,882,574 | 395,866,209 | 0.0348 | 0.1955 | 0.1183 | 0.0125 |
| 168 | 277,483,135 | 344,797,091 | 279,953,115 | 675,819,324 | 399,330,209 | 0.0379 | 0.2993 | 0.1289 | 0.0140 |
| 169 | 279,953,115 | 347,865,221 | 282,417,373 | 681,747,582 | 402,790,707 | 0.1077 | 0.2047 | 0.1182 | 0.0128 |
| 170 | 282,417,373 | 350,925,671 | 284,875,125 | 687,665,832 | 406,246,879 | 0.0678 | 0.4864 | 0.1766 | 0.0255 |
| 171 | 284,875,125 | 353,977,942 | 287,324,792 | 693,571,671 | 409,697,794 | 0.0343 | 0.0240 | 0.1246 | 0.0129 |
| 172 | 287,324,792 | 357,020,452 | 289,765,440 | 699,463,234 | 413,142,183 | 0.0352 | 0.3577 | 0.1258 | 0.0243 |
| 173 | 289,765,440 | 360,052,337 | 292,196,430 | 705,338,613 | 416,579,495 | 0.0354 | 0.1475 | 0.1270 | 0.0131 |
| 174 | 292,196,430 | 363,071,516 | 294,618,014 | 711,197,509 | 420,010,243 | 0.1099 | 0.2613 | 0.1266 | 0.0132 |
| 175 | 294,618,014 | 366,079,621 | 297,031,120 | 717,041,363 | 423,435,165 | 0.0377 | 0.2517 | 0.1253 | 0.0210 |
| 176 | 297,031,120 | 369,078,030 | 299,436,065 | 722,871,230 | 426,854,261 | 0.1176 | 0.2434 | 0.1252 | 0.0134 |
| 177 | 299,436,065 | 372,065,991 | 301,832,275 | 728,686,536 | 430,267,543 | 0.0357 | 0.2028 | 0.3012 | 0.0136 |
| 178 | 301,832,275 | 375,043,208 | 304,219,249 | 734,486,792 | 433,674,787 | 0.0359 | 0.4912 | 0.1315 | 0.0252 |
| 179 | 304,219,249 | 378,009,778 | 306,597,708 | 740,272,495 | 437,076,009 | 0.0359 | 0.0250 | 0.1325 | 0.0137 |
| 180 | 306,597,708 | 380,965,109 | 308,966,802 | 746,042,811 | 440,470,359 | 0.0378 | 0.3878 | 0.1362 | 0.0258 |
| 181 | 308,966,802 | 383,909,651 | 311,327,632 | 751,797,991 | 443,858,802 | 0.0360 | 0.2106 | 0.1348 | 0.0138 |
| 182 | 311,327,632 | 386,843,998 | 313,679,702 | 757,538,504 | 447,240,457 | 0.1201 | 0.4164 | 0.2185 | 0.0262 |
| 183 | 313,679,702 | 389,766,698 | 316,022,247 | 763,262,704 | 450,614,752 | 0.0361 | 0.0247 | 0.1368 | 0.0140 |
| 184 | 316,022,247 | 392,678,890 | 318,355,288 | 768,970,040 | 453,981,422 | 0.0762 | 0.2727 | 0.2277 | 0.0143 |
| 185 | 318,355,288 | 395,580,332 | 320,678,404 | 774,659,826 | 457,339,703 | 0.1535 | 0.2024 | 0.1430 | 0.0144 |
| 186 | 320,678,404 | 398,470,243 | 322,991,768 | 780,331,471 | 460,689,981 | 0.0385 | 0.2231 | 0.2268 | 0.0144 |
| 187 | 322,991,768 | 401,348,296 | 325,296,035 | 785,986,016 | 464,032,675 | 0.1588 | 0.4078 | 0.1391 | 0.0272 |
| 188 | 325,296,035 | 404,215,475 | 327,590,587 | 791,623,262 | 467,367,794 | 0.0386 | 0.0267 | 0.1492 | 0.0145 |
| 189 | 327,590,587 | 407,071,529 | 329,876,088 | 797,243,882 | 470,695,843 | 0.0385 | 0.5242 | 0.2331 | 0.0296 |
| 190 | 329,876,088 | 409,916,691 | 332,151,839 | 802,847,682 | 474,016,264 | 0.0403 | 0.3894 | 0.1441 | 0.0309 |
| 191 | 332,151,839 | 412,751,011 | 334,418,110 | 808,434,374 | 477,329,050 | 0.0397 | 0.0279 | 0.1445 | 0.0158 |
| 192 | 334,418,110 | 415,574,497 | 336,673,687 | 814,002,737 | 480,632,804 | 0.1366 | 0.2314 | 0.1466 | 0.0149 |
| 193 | 336,673,687 | 418,384,060 | 338,917,821 | 819,550,625 | 483,926,871 | 0.1707 | 0.4195 | 0.1500 | 0.0287 |
| 194 | 338,917,821 | 421,179,266 | 341,150,593 | 825,077,464 | 487,211,173 | 0.0408 | 0.1890 | 0.1474 | 0.0194 |
| 195 | 341,150,593 | 423,960,390 | 343,372,502 | 830,583,675 | 490,486,409 | 0.0418 | 0.3685 | 0.2525 | 0.0304 |
| 196 | 343,372,502 | 426,727,575 | 345,582,884 | 836,069,293 | 493,751,925 | 0.0413 | 0.0282 | 0.1517 | 0.0170 |
| 197 | 345,582,884 | 429,481,142 | 347,782,764 | 841,534,689 | 497,008,387 | 0.2151 | 0.4531 | 0.1555 | 0.2505 |
| 198 | 347,782,764 | 432,220,980 | 349,971,054 | 846,979,441 | 500,255,365 | 0.0428 | 0.0300 | 0.1515 | 0.0175 |
| 199 | 349,971,054 | 434,948,384 | 352,148,918 | 852,404,283 | 503,493,621 | 0.0442 | 0.4659 | 0.2795 | 0.0308 |
| 200 | 352,148,918 | 437,662,882 | 354,316,949 | 857,810,570 | 506,723,486 | 0.0440 | 0.0402 | 0.1539 | 0.0246 |
| 201 | 354,316,949 | 440,365,127 | 356,474,856 | 863,198,342 | 509,944,971 | 0.2389 | 0.0283 | 0.3063 | 0.0158 |
| 202 | 356,474,856 | 443,055,628 | 358,623,033 | 868,568,004 | 513,158,018 | 0.1236 | 0.0756 | 0.2904 | 0.0158 |
| 203 | 358,623,033 | 445,733,469 | 360,760,152 | 873,918,170 | 516,361,927 | 0.1889 | 0.2633 | 0.2914 | 0.0168 |
| 204 | 360,760,152 | 448,396,715 | 362,884,319 | 879,246,246 | 519,555,148 | 0.0452 | 0.4069 | 0.1560 | 0.1864 |
| 205 | 362,884,319 | 451,045,823 | 364,996,046 | 884,551,194 | 522,737,784 | 0.0492 | 0.0302 | 0.1562 | 0.0165 |
| 206 | 364,996,046 | 453,678,621 | 367,093,580 | 889,831,364 | 525,908,279 | 0.0431 | 0.3380 | 0.3006 | 0.0163 |
| 207 | 367,093,580 | 456,294,821 | 369,177,514 | 895,085,793 | 529,066,792 | 0.1772 | 0.2756 | 0.1605 | 0.0181 |
| 208 | 369,177,514 | 458,894,717 | 371,247,522 | 900,314,314 | 532,213,078 | 0.0537 | 0.3800 | 0.1586 | 0.0309 |
| 209 | 371,247,522 | 461,478,276 | 373,304,156 | 905,517,234 | 535,347,817 | 0.0429 | 0.4480 | 0.1603 | 0.0329 |
| 210 | 373,304,156 | 464,044,926 | 375,346,610 | 910,694,427 | 538,470,521 | 0.0467 | 0.4905 | 0.1655 | 0.0373 |
| 211 | 375,346,610 | 466,594,457 | 377,375,017 | 915,845,538 | 541,580,774 | 0.0443 | 0.1514 | 0.1626 | 0.0170 |
| 212 | 377,375,017 | 469,127,933 | 379,390,006 | 920,970,780 | 544,679,176 | 0.2247 | 0.2914 | 0.1616 | 0.0183 |
| 213 | 379,390,006 | 471,645,189 | 381,391,557 | 926,070,733 | 547,765,669 | 0.0530 | 0.1600 | 0.3312 | 0.0166 |
| 214 | 381,391,557 | 474,146,685 | 383,379,844 | 931,145,513 | 550,840,181 | 0.0448 | 0.3207 | 0.2775 | 0.0166 |
| 215 | 383,379,844 | 476,633,738 | 385,357,140 | 936,197,321 | 553,904,207 | 0.0467 | 0.2934 | 0.3489 | 0.0170 |
| 216 | 385,357,140 | 479,107,375 | 387,321,677 | 941,225,884 | 556,955,909 | 0.0467 | 0.1631 | 0.2505 | 0.0172 |
| 217 | 387,321,677 | 481,564,918 | 389,272,398 | 946,228,307 | 559,994,957 | 0.0449 | 0.3195 | 0.2869 | 0.0171 |
| 218 | 389,272,398 | 484,006,450 | 391,209,479 | 951,204,436 | 563,021,230 | 0.0448 | 0.4030 | 0.1794 | 0.0324 |
| 219 | 391,209,479 | 486,431,370 | 393,133,273 | 956,154,503 | 566,035,356 | 0.0447 | 0.0316 | 0.3210 | 0.0177 |
| 220 | 393,133,273 | 488,840,105 | 395,043,034 | 961,078,390 | 569,036,678 | 0.2414 | 0.3312 | 0.1742 | 0.0174 |
| 221 | 395,043,034 | 491,232,705 | 396,939,207 | 965,975,885 | 572,025,909 | 0.0451 | 0.3236 | 0.2995 | 0.0174 |
| 222 | 396,939,207 | 493,610,016 | 398,821,983 | 970,847,892 | 575,002,924 | 0.1365 | 0.3068 | 0.2763 | 0.0174 |
| 223 | 398,821,983 | 495,973,118 | 400,692,770 | 975,695,694 | 577,968,612 | 0.0475 | 0.2940 | 0.1776 | 0.0175 |
| 224 | 400,692,770 | 498,321,511 | 402,550,304 | 980,518,916 | 580,921,680 | 0.0453 | 0.1619 | 0.3759 | 0.0177 |
| 225 | 402,550,304 | 500,654,603 | 404,394,565 | 985,316,245 | 583,862,231 | 0.1914 | 0.1660 | 0.2719 | 0.0178 |
| 226 | 404,394,565 | 502,971,418 | 406,224,940 | 990,087,171 | 586,789,527 | 0.1870 | 0.3098 | 0.1799 | 0.0178 |
| 227 | 406,224,940 | 505,270,932 | 408,041,705 | 994,831,232 | 589,704,493 | 0.1511 | 0.3087 | 0.1811 | 0.0190 |
| 228 | 408,041,705 | 507,554,084 | 409,845,250 | 999,549,743 | 592,607,255 | 0.1372 | 0.3160 | 0.1824 | 0.0222 |
| 229 | 409,845,250 | 509,821,682 | 411,635,257 | 1,004,242,512 | 595,497,748 | 0.1379 | 0.3117 | 0.1818 | 0.0183 |
| 230 | 411,635,257 | 512,073,147 | 413,412,278 | 1,008,910,026 | 598,376,189 | 0.1547 | 0.5169 | 0.1811 | 0.0353 |
| 231 | 413,412,278 | 514,307,773 | 415,174,553 | 1,013,550,742 | 601,241,090 | 0.0479 | 0.4818 | 0.1848 | 0.0348 |
| 232 | 415,174,553 | 516,522,726 | 416,920,646 | 1,018,161,736 | 604,091,145 | 0.0479 | 0.4712 | 0.1854 | 0.0345 |
| 233 | 416,920,646 | 518,717,010 | 418,651,345 | 1,022,742,490 | 606,927,005 | 0.0475 | 0.4327 | 0.2366 | 0.0347 |
| 234 | 418,651,345 | 520,893,221 | 420,366,622 | 1,027,293,627 | 609,748,907 | 0.0488 | 0.3380 | 0.2342 | 0.0184 |
| 235 | 420,366,622 | 523,049,336 | 422,065,958 | 1,031,814,865 | 612,556,462 | 0.0501 | 0.5214 | 0.1856 | 0.0352 |
| 236 | 422,065,958 | 525,187,368 | 423,750,892 | 1,036,307,354 | 615,350,599 | 0.0490 | 0.4931 | 0.1893 | 0.0353 |
| 237 | 423,750,892 | 527,307,193 | 425,421,444 | 1,040,772,043 | 618,131,549 | 0.0492 | 0.4913 | 0.1900 | 0.0355 |
| 238 | 425,421,444 | 529,410,115 | 427,077,205 | 1,045,208,754 | 620,898,654 | 0.0491 | 0.3430 | 0.2405 | 0.0187 |
| 239 | 427,077,205 | 531,495,133 | 428,718,244 | 1,049,616,898 | 623,652,356 | 0.0515 | 0.3411 | 0.2820 | 0.0187 |
| 240 | 428,718,244 | 533,561,764 | 430,345,460 | 1,053,997,816 | 626,393,688 | 0.0492 | 0.4394 | 0.2793 | 0.0362 |
| 241 | 430,345,460 | 535,612,357 | 431,958,513 | 1,058,352,201 | 629,121,498 | 0.0500 | 0.3439 | 0.2428 | 0.0189 |
| 242 | 431,958,513 | 537,645,115 | 433,557,348 | 1,062,678,846 | 631,835,661 | 0.0515 | 0.3420 | 0.2968 | 0.0189 |
| 243 | 433,557,348 | 539,659,579 | 435,142,185 | 1,066,977,846 | 634,536,072 | 0.0496 | 0.3427 | 0.2801 | 0.0191 |
| 244 | 435,142,185 | 541,655,971 | 436,713,314 | 1,071,249,386 | 637,223,609 | 0.0527 | 0.3352 | 0.2898 | 0.0192 |
| 245 | 436,713,314 | 543,636,240 | 438,271,106 | 1,075,494,715 | 639,897,997 | 0.1841 | 0.1982 | 0.3186 | 0.0192 |
| 246 | 438,271,106 | 545,599,786 | 439,814,234 | 1,079,712,231 | 642,558,422 | 0.0507 | 0.3487 | 0.2845 | 0.0193 |
| 247 | 439,814,234 | 547,545,939 | 441,343,121 | 1,083,901,543 | 645,205,299 | 0.0507 | 0.3460 | 0.2852 | 0.0194 |
| 248 | 441,343,121 | 549,474,742 | 442,857,316 | 1,088,062,615 | 647,837,956 | 0.1757 | 0.4300 | 0.1967 | 0.3101 |
| 249 | 442,857,316 | 551,386,002 | 444,356,880 | 1,092,194,836 | 650,456,892 | 0.0508 | 0.0361 | 0.1962 | 0.0234 |
| 250 | 444,356,880 | 553,280,295 | 445,843,049 | 1,096,299,941 | 653,062,895 | 0.2816 | 0.3724 | 0.3223 | 0.0196 |
| 251 | 445,843,049 | 555,157,823 | 447,314,528 | 1,100,377,423 | 655,654,968 | 0.0521 | 0.2016 | 0.3075 | 0.0197 |
| 252 | 447,314,528 | 557,018,110 | 448,771,654 | 1,104,426,622 | 658,233,640 | 0.1739 | 0.1945 | 0.3262 | 0.0198 |
| 253 | 448,771,654 | 558,861,042 | 450,213,921 | 1,108,447,561 | 660,797,938 | 0.0532 | 0.3562 | 0.3009 | 0.0197 |
| 254 | 450,213,921 | 560,685,182 | 451,640,313 | 1,112,438,251 | 663,347,208 | 0.1873 | 0.1756 | 0.3431 | 0.0239 |
| 255 | 451,640,313 | 562,489,732 | 453,050,489 | 1,116,397,697 | 665,881,138 | 0.1907 | 0.3722 | 0.3262 | 0.0198 |
| 256 | 453,050,489 | 564,275,721 | 454,445,516 | 1,120,326,654 | 668,400,519 | 0.0523 | 0.4113 | 0.2000 | 0.3190 |
| 257 | 454,445,516 | 566,042,537 | 455,824,847 | 1,124,225,366 | 670,905,480 | 0.0636 | 0.3175 | 0.2067 | 0.0202 |
| 258 | 455,824,847 | 567,789,780 | 457,187,676 | 1,128,093,156 | 673,395,181 | 0.0523 | 0.2026 | 0.3103 | 0.0308 |
| 259 | 457,187,676 | 569,516,638 | 458,534,084 | 1,131,929,265 | 675,869,735 | 0.0541 | 0.2408 | 0.4207 | 0.0200 |
| 260 | 458,534,084 | 571,222,856 | 459,863,641 | 1,135,733,376 | 678,328,239 | 0.2032 | 0.4071 | 0.2083 | 0.3304 |
| 261 | 459,863,641 | 572,908,144 | 461,175,512 | 1,139,503,751 | 680,770,077 | 0.0534 | 0.3286 | 0.2045 | 0.0203 |
| 262 | 461,175,512 | 574,570,386 | 462,469,829 | 1,143,239,906 | 683,195,081 | 0.0535 | 0.2073 | 0.3263 | 0.0337 |
| 263 | 462,469,829 | 576,211,396 | 463,747,413 | 1,146,942,494 | 685,603,778 | 0.0541 | 0.3747 | 0.7044 | 0.0202 |
| 264 | 463,747,413 | 577,830,551 | 465,007,153 | 1,150,610,931 | 687,995,597 | 0.0516 | 0.3172 | 0.2063 | 0.0204 |
| 265 | 465,007,153 | 579,427,762 | 466,249,454 | 1,154,245,051 | 690,370,657 | 0.1931 | 0.3828 | 0.3460 | 0.0204 |
| 266 | 466,249,454 | 581,003,021 | 467,473,905 | 1,157,844,562 | 692,728,753 | 0.0527 | 0.4291 | 0.2065 | 0.3309 |
| 267 | 467,473,905 | 582,556,142 | 468,679,632 | 1,161,408,385 | 695,069,061 | 0.0547 | 0.0369 | 0.2126 | 0.0206 |
| 268 | 468,679,632 | 584,085,223 | 469,865,344 | 1,164,934,405 | 697,390,263 | 0.2751 | 0.3412 | 0.2085 | 0.0206 |
| 269 | 469,865,344 | 585,588,667 | 471,030,591 | 1,168,420,854 | 699,692,142 | 0.1881 | 0.3496 | 0.2084 | 0.0207 |
| 270 | 471,030,591 | 587,066,284 | 472,175,155 | 1,171,867,297 | 701,974,544 | 0.1958 | 0.3954 | 0.3427 | 0.0206 |
| 271 | 472,175,155 | 588,518,498 | 473,298,764 | 1,175,273,308 | 704,236,712 | 0.0540 | 0.3920 | 0.3271 | 0.0208 |
| 272 | 473,298,764 | 589,942,935 | 474,400,181 | 1,178,636,893 | 706,477,582 | 0.0538 | 0.3261 | 0.2105 | 0.0298 |
| 273 | 474,400,181 | 591,339,370 | 475,478,832 | 1,181,956,414 | 708,696,454 | 0.0538 | 0.5613 | 0.3166 | 0.0208 |
| 274 | 475,478,832 | 592,705,715 | 476,534,124 | 1,185,230,578 | 710,893,021 | 0.0539 | 0.3174 | 0.3278 | 0.3435 |
| 275 | 476,534,124 | 594,042,352 | 477,566,017 | 1,188,459,038 | 713,067,032 | 0.0623 | 0.2458 | 0.2112 | 0.0210 |
| 276 | 477,566,017 | 595,348,486 | 478,573,731 | 1,191,640,763 | 715,218,141 | 0.0552 | 0.5686 | 0.2878 | 0.0211 |
| 277 | 478,573,731 | 596,625,124 | 479,558,981 | 1,194,777,122 | 717,347,290 | 0.0562 | 0.4440 | 0.2167 | 0.3483 |
| 278 | 479,558,981 | 597,872,354 | 480,521,498 | 1,197,868,788 | 719,453,985 | 0.0679 | 0.2413 | 0.2150 | 0.0222 |
| 279 | 480,521,498 | 599,091,255 | 481,461,089 | 1,200,915,074 | 721,538,226 | 0.0568 | 0.3796 | 0.2909 | 0.0265 |
| 280 | 481,461,089 | 600,280,940 | 482,377,492 | 1,203,915,718 | 723,599,564 | 0.1959 | 0.3620 | 0.2145 | 0.0211 |
| 281 | 482,377,492 | 601,442,599 | 483,271,969 | 1,206,871,533 | 725,639,320 | 0.0564 | 0.3829 | 0.3193 | 0.0217 |
| 282 | 483,271,969 | 602,576,453 | 484,144,867 | 1,209,784,187 | 727,658,054 | 0.1958 | 0.3685 | 0.2196 | 0.0216 |
| 283 | 484,144,867 | 603,684,505 | 484,996,486 | 1,212,654,540 | 729,656,551 | 0.1855 | 0.4151 | 0.3510 | 0.0212 |
| 284 | 484,996,486 | 604,767,383 | 485,828,505 | 1,215,485,056 | 731,635,902 | 0.0563 | 0.4147 | 0.3333 | 0.0215 |
| 285 | 485,828,505 | 605,825,785 | 486,640,501 | 1,218,276,403 | 733,595,585 | 0.0565 | 0.3337 | 0.3353 | 0.3609 |
| 286 | 486,640,501 | 606,859,130 | 487,432,068 | 1,221,027,653 | 735,535,303 | 0.0564 | 0.4092 | 0.2162 | 0.0215 |
| 287 | 487,432,068 | 607,867,565 | 488,203,513 | 1,223,738,816 | 737,455,378 | 0.0564 | 0.4189 | 0.3347 | 0.0218 |
| 288 | 488,203,513 | 608,850,726 | 488,955,041 | 1,226,410,419 | 739,356,099 | 0.0579 | 0.2135 | 0.3419 | 0.0230 |
| 289 | 488,955,041 | 609,809,709 | 489,686,578 | 1,229,042,677 | 741,237,537 | 0.1996 | 0.5573 | 0.2201 | 0.0233 |
| 290 | 489,686,578 | 610,743,728 | 490,397,725 | 1,231,635,262 | 743,099,986 | 0.0571 | 0.3359 | 0.3410 | 0.3671 |
| 291 | 490,397,725 | 611,653,669 | 491,089,602 | 1,234,189,588 | 744,944,139 | 0.0582 | 0.2435 | 0.2294 | 0.0226 |
| 292 | 491,089,602 | 612,539,265 | 491,762,495 | 1,236,706,634 | 746,769,518 | 0.0566 | 0.3990 | 0.3023 | 0.0213 |
| 293 | 491,762,495 | 613,401,298 | 492,416,335 | 1,239,185,853 | 748,576,105 | 0.1950 | 0.2244 | 0.3637 | 0.0215 |
| 294 | 492,416,335 | 614,241,230 | 493,052,437 | 1,241,628,542 | 750,364,191 | 0.2046 | 0.3346 | 0.3631 | 0.3717 |
| 295 | 493,052,437 | 615,059,237 | 493,669,842 | 1,244,034,033 | 752,134,010 | 0.0682 | 0.2513 | 0.2182 | 0.0221 |
| 296 | 493,669,842 | 615,854,974 | 494,267,898 | 1,246,401,908 | 753,884,785 | 0.1732 | 0.5648 | 0.2196 | 0.0220 |
| 297 | 494,267,898 | 616,627,200 | 494,846,590 | 1,248,731,375 | 755,616,111 | 0.0568 | 0.3400 | 0.3496 | 0.3748 |
| 298 | 494,846,590 | 617,374,995 | 495,405,531 | 1,251,021,642 | 757,327,879 | 0.0577 | 0.1969 | 0.2200 | 0.0218 |
| 299 | 495,405,531 | 618,098,890 | 495,945,540 | 1,253,273,419 | 759,020,370 | 0.1637 | 0.4204 | 0.3637 | 0.0221 |
| 300 | 495,945,540 | 618,798,940 | 496,466,677 | 1,255,487,047 | 760,693,405 | 0.2131 | 0.4013 | 0.2207 | 0.0221 |
| 301 | 496,466,677 | 619,474,665 | 496,967,792 | 1,257,661,197 | 762,346,665 | 0.0596 | 0.2485 | 0.3532 | 0.0484 |
| 302 | 496,967,792 | 620,126,364 | 497,448,810 | 1,259,795,475 | 763,980,487 | 0.0588 | 0.4719 | 0.4221 | 0.0224 |
| 303 | 497,448,810 | 620,753,598 | 497,910,431 | 1,261,890,918 | 765,594,866 | 0.0580 | 0.5472 | 0.2218 | 0.0223 |
| 304 | 497,910,431 | 621,356,411 | 498,352,720 | 1,263,947,586 | 767,190,112 | 0.0579 | 0.4278 | 0.3415 | 0.0240 |
| 305 | 498,352,720 | 621,934,883 | 498,775,349 | 1,265,965,461 | 768,766,057 | 0.1303 | 0.2528 | 0.3412 | 0.0220 |
| 306 | 498,775,349 | 622,488,830 | 499,178,949 | 1,267,945,006 | 770,322,766 | 0.2342 | 0.4272 | 0.3729 | 0.0222 |
| 307 | 499,178,949 | 623,018,724 | 499,563,274 | 1,269,886,040 | 771,860,341 | 0.0591 | 0.2367 | 0.3403 | 0.0223 |
| 308 | 499,563,274 | 623,525,414 | 499,927,877 | 1,271,788,218 | 773,377,815 | 0.0601 | 0.4089 | 0.3382 | 0.0225 |
| 309 | 499,927,877 | 624,006,390 | 500,272,157 | 1,273,649,972 | 774,875,115 | 0.2097 | 0.2255 | 0.3678 | 0.0226 |
| 310 | 500,272,157 | 624,461,456 | 500,595,352 | 1,275,470,467 | 776,351,430 | 0.0611 | 0.6085 | 0.3374 | 0.0222 |
| 311 | 500,595,352 | 624,889,912 | 500,896,807 | 1,277,248,237 | 777,806,679 | 0.0576 | 0.3455 | 0.3428 | 0.3885 |
| 312 | 500,896,807 | 625,290,222 | 501,176,480 | 1,278,983,159 | 779,240,217 | 0.0663 | 0.2512 | 0.2222 | 0.0225 |
| 313 | 501,176,480 | 625,663,184 | 501,434,131 | 1,280,674,348 | 780,652,256 | 0.1797 | 0.5768 | 0.2240 | 0.0240 |
| 314 | 501,434,131 | 626,008,577 | 501,669,815 | 1,282,322,071 | 782,042,284 | 0.2132 | 0.3219 | 0.2203 | 0.3910 |
| 315 | 501,669,815 | 626,325,510 | 501,883,322 | 1,283,925,606 | 783,410,166 | 0.0579 | 0.2513 | 0.2232 | 0.0225 |
| 316 | 501,883,322 | 626,614,211 | 502,075,361 | 1,285,485,527 | 784,756,657 | 0.1797 | 0.2347 | 0.3677 | 0.0223 |
| 317 | 502,075,361 | 626,875,273 | 502,245,748 | 1,287,002,405 | 786,081,259 | 0.2134 | 0.5784 | 0.2259 | 0.0225 |
| 318 | 502,245,748 | 627,109,501 | 502,395,173 | 1,288,476,432 | 787,384,640 | 0.0580 | 0.3447 | 0.3512 | 0.3938 |
| 319 | 502,395,173 | 627,317,043 | 502,522,789 | 1,289,907,429 | 788,666,900 | 0.0759 | 0.2528 | 0.2222 | 0.0226 |
| 320 | 502,522,789 | 627,497,653 | 502,628,398 | 1,291,295,298 | 789,927,759 | 0.1787 | 0.2344 | 0.3722 | 0.0226 |
| 321 | 502,628,398 | 627,649,840 | 502,712,312 | 1,292,640,071 | 791,167,156 | 0.2082 | 0.5863 | 0.2263 | 0.0225 |
| 322 | 502,712,312 | 627,775,005 | 502,775,630 | 1,293,942,786 | 792,386,576 | 0.1262 | 0.2802 | 0.3513 | 0.3966 |
| 323 | 502,775,630 | 627,874,654 | 502,818,758 | 1,295,205,334 | 793,585,698 | 0.0578 | 0.2510 | 0.2244 | 0.0226 |
| 324 | 502,818,758 | 627,948,254 | 502,841,237 | 1,296,426,935 | 794,764,582 | 0.1712 | 0.3490 | 0.3743 | 0.3976 |
| 325 | 502,841,237 | 627,995,906 | 502,843,873 | 1,297,608,455 | 795,924,181 | 0.0590 | 0.2530 | 0.2242 | 0.0229 |
| 326 | 502,843,873 | 628,019,427 | 502,827,334 | 1,298,751,515 | 797,065,384 | 0.2499 | 0.2805 | 0.3766 | 0.3992 |
| 327 | 502,827,334 | 628,017,946 | 502,791,532 | 1,299,856,916 | 798,188,102 | 0.0582 | 0.2500 | 0.2260 | 0.0229 |
| 328 | 502,791,532 | 627,992,679 | 502,737,829 | 1,300,925,931 | 799,293,304 | 0.0580 | 0.4161 | 0.3166 | 0.0227 |
| 329 | 502,737,829 | 627,946,101 | 502,666,841 | 1,301,960,145 | 800,381,500 | 0.2039 | 0.3486 | 0.3784 | 0.4000 |
| 330 | 502,666,841 | 627,878,392 | 502,579,588 | 1,302,961,088 | 801,453,825 | 0.0580 | 0.2538 | 0.2243 | 0.0271 |
| 331 | 502,579,588 | 627,790,853 | 502,476,493 | 1,303,930,318 | 802,510,081 | 0.1797 | 0.5863 | 0.2252 | 0.0225 |
| 332 | 502,476,493 | 627,682,864 | 502,357,333 | 1,304,867,414 | 803,550,581 | 0.0580 | 0.3501 | 0.3503 | 0.4013 |
| 333 | 502,357,333 | 627,555,480 | 502,222,606 | 1,305,773,187 | 804,576,080 | 0.0623 | 0.2517 | 0.2234 | 0.0227 |
| 334 | 502,222,606 | 627,408,353 | 502,073,063 | 1,306,649,143 | 805,587,150 | 0.2480 | 0.3784 | 0.3784 | 0.0322 |
| 335 | 502,073,063 | 627,243,282 | 501,909,632 | 1,307,496,782 | 806,584,454 | 0.0591 | 0.3276 | 0.3427 | 0.0361 |
| 336 | 501,909,632 | 627,061,568 | 501,732,304 | 1,308,316,758 | 807,567,846 | 0.0580 | 0.2902 | 0.3784 | 0.0235 |
| 337 | 501,732,304 | 626,861,585 | 501,540,397 | 1,309,108,243 | 808,536,860 | 0.2143 | 0.5878 | 0.2253 | 0.0227 |
| 338 | 501,540,397 | 626,643,325 | 501,333,779 | 1,309,870,639 | 809,492,092 | 0.0643 | 0.2397 | 0.3408 | 0.0228 |
| 339 | 501,333,779 | 626,407,521 | 501,113,920 | 1,310,606,012 | 810,434,582 | 0.2165 | 0.4455 | 0.3669 | 0.0228 |
| 340 | 501,113,920 | 626,154,647 | 500,881,081 | 1,311,315,663 | 811,364,327 | 0.0621 | 0.3463 | 0.3423 | 0.4046 |
| 341 | 500,881,081 | 625,885,229 | 500,635,587 | 1,311,999,914 | 812,281,518 | 0.0578 | 0.2504 | 0.2239 | 0.0227 |
| 342 | 500,635,587 | 625,601,081 | 500,378,558 | 1,312,660,076 | 813,186,693 | 0.1824 | 0.4330 | 0.3829 | 0.0232 |
| 343 | 500,378,558 | 625,302,482 | 500,109,925 | 1,313,296,618 | 814,079,881 | 0.1263 | 0.4465 | 0.3506 | 0.0273 |
| 344 | 500,109,925 | 624,988,888 | 499,829,786 | 1,313,909,667 | 814,961,324 | 0.0580 | 0.4997 | 0.2933 | 0.0287 |
| 345 | 499,829,786 | 624,660,322 | 499,537,977 | 1,314,499,301 | 815,830,870 | 0.1912 | 0.2052 | 0.2862 | 0.0238 |
| 346 | 499,537,977 | 624,317,576 | 499,234,449 | 1,315,065,319 | 816,688,664 | 0.2510 | 0.4600 | 0.3654 | 0.2557 |
| 347 | 499,234,449 | 623,959,608 | 498,919,141 | 1,315,607,805 | 817,534,749 | 0.0747 | 0.1980 | 0.2249 | 0.0230 |
| 348 | 498,919,141 | 623,586,510 | 498,591,106 | 1,316,125,855 | 818,368,869 | 0.3035 | 0.2816 | 0.3183 | 0.4057 |
| 349 | 498,591,106 | 623,197,253 | 498,250,849 | 1,316,619,718 | 819,191,251 | 0.0579 | 0.2506 | 0.2220 | 0.0228 |
| 350 | 498,250,849 | 622,792,559 | 497,899,377 | 1,317,090,628 | 820,002,723 | 0.1818 | 0.6093 | 0.2245 | 0.0228 |
| 351 | 497,899,377 | 622,373,330 | 497,536,362 | 1,317,539,085 | 820,802,931 | 0.0579 | 0.4857 | 0.2281 | 0.4106 |
| 352 | 497,536,362 | 621,939,689 | 497,162,108 | 1,317,965,039 | 821,591,723 | 0.0581 | 0.2524 | 0.2228 | 0.0228 |
| 353 | 497,162,108 | 621,491,867 | 496,777,330 | 1,318,369,053 | 822,369,946 | 0.1803 | 0.5057 | 0.2240 | 0.4067 |
| 354 | 496,777,330 | 621,030,930 | 496,382,484 | 1,318,752,430 | 823,137,404 | 0.0746 | 0.3713 | 0.2210 | 0.0230 |
| 355 | 496,382,484 | 620,556,398 | 495,976,497 | 1,319,113,901 | 823,894,253 | 0.0578 | 0.3883 | 0.2234 | 0.0366 |
| 356 | 495,976,497 | 620,068,191 | 495,559,981 | 1,319,454,234 | 824,641,340 | 0.3098 | 0.2976 | 0.2222 | 0.0228 |
| 357 | 495,559,981 | 619,566,856 | 495,133,171 | 1,319,774,511 | 825,378,686 | 0.1806 | 0.6006 | 0.2221 | 0.0229 |
| 358 | 495,133,171 | 619,052,541 | 494,696,412 | 1,320,075,098 | 826,106,361 | 0.0576 | 0.3870 | 0.2234 | 0.0369 |
| 359 | 494,696,412 | 618,525,426 | 494,249,447 | 1,320,355,808 | 826,824,275 | 0.3116 | 0.3790 | 0.5050 | 0.0229 |
| 360 | 494,249,447 | 617,986,643 | 493,792,705 | 1,320,616,980 | 827,532,296 | 0.1889 | 0.3776 | 0.2906 | 0.0359 |
| 361 | 493,792,705 | 617,435,297 | 493,326,102 | 1,320,858,398 | 828,230,703 | 0.0579 | 0.3229 | 0.2915 | 0.0368 |
| 362 | 493,326,102 | 616,871,846 | 492,850,005 | 1,321,080,708 | 828,920,227 | 0.4019 | 0.2053 | 0.2193 | 0.0233 |
| 363 | 492,850,005 | 616,296,889 | 492,364,272 | 1,321,284,499 | 829,600,687 | 0.1726 | 0.4210 | 0.2271 | 0.0254 |
| 364 | 492,364,272 | 615,711,215 | 491,870,492 | 1,321,471,179 | 830,273,169 | 0.1726 | 0.5152 | 0.3171 | 0.0244 |
| 365 | 491,870,492 | 615,115,646 | 491,368,350 | 1,321,641,519 | 830,937,584 | 0.0590 | 0.3154 | 0.2953 | 0.0382 |
| 366 | 491,368,350 | 614,510,840 | 490,858,967 | 1,321,796,551 | 831,594,466 | 0.0614 | 0.3977 | 0.4414 | 0.4076 |
| 367 | 490,858,967 | 613,896,453 | 490,342,366 | 1,321,936,832 | 832,244,014 | 0.0618 | 0.3739 | 0.2204 | 0.0228 |
| 368 | 490,342,366 | 613,272,659 | 489,817,956 | 1,322,061,970 | 832,885,709 | 0.0566 | 0.5754 | 0.2246 | 0.0362 |
| 369 | 489,817,956 | 612,639,588 | 489,286,964 | 1,322,172,673 | 833,520,190 | 0.0566 | 0.3221 | 0.2896 | 0.0366 |
| 370 | 489,286,964 | 611,998,667 | 488,749,507 | 1,322,269,697 | 834,147,736 | 0.3095 | 0.3725 | 0.5065 | 0.0290 |
| 371 | 488,749,507 | 611,349,284 | 488,205,204 | 1,322,352,940 | 834,768,557 | 0.0566 | 0.5743 | 0.2193 | 0.0363 |
| 372 | 488,205,204 | 610,690,890 | 487,654,040 | 1,322,422,597 | 835,382,731 | 0.0573 | 0.3216 | 0.2912 | 0.0409 |
| 373 | 487,654,040 | 610,024,372 | 487,096,620 | 1,322,479,351 | 835,990,631 | 0.4059 | 0.1968 | 0.2166 | 0.0227 |
| 374 | 487,096,620 | 609,349,631 | 486,532,948 | 1,322,523,579 | 836,592,760 | 0.1773 | 0.5230 | 0.3064 | 0.0230 |
| 375 | 486,532,948 | 608,667,095 | 485,963,407 | 1,322,556,167 | 837,189,346 | 0.0565 | 0.3177 | 0.2947 | 0.0384 |
| 376 | 485,963,407 | 607,977,469 | 485,388,046 | 1,322,577,392 | 837,780,359 | 0.4017 | 0.2813 | 0.2149 | 0.4075 |
| 377 | 485,388,046 | 607,280,308 | 484,806,333 | 1,322,586,692 | 838,365,572 | 0.0564 | 0.2466 | 0.2227 | 0.0229 |
| 378 | 484,806,333 | 606,575,224 | 484,218,416 | 1,322,583,988 | 838,944,612 | 0.1876 | 0.4194 | 0.2185 | 0.0230 |
| 379 | 484,218,416 | 605,862,002 | 483,624,066 | 1,322,568,678 | 839,517,742 | 0.0565 | 0.6323 | 0.3168 | 0.0285 |
| 380 | 483,624,066 | 605,140,431 | 483,023,078 | 1,322,540,820 | 840,084,794 | 0.0565 | 0.3219 | 0.2824 | 0.0368 |
| 381 | 483,023,078 | 604,409,344 | 482,414,413 | 1,322,499,207 | 840,645,069 | 0.3019 | 0.4802 | 0.2228 | 0.0229 |
| 382 | 482,414,413 | 603,668,860 | 481,798,279 | 1,322,443,348 | 841,198,154 | 0.0575 | 0.3882 | 0.2173 | 0.0369 |
| 383 | 481,798,279 | 602,919,102 | 481,174,838 | 1,322,372,992 | 841,743,987 | 0.3081 | 0.4420 | 0.5009 | 0.2482 |
| 384 | 481,174,838 | 602,160,028 | 480,543,773 | 1,322,287,760 | 842,282,501 | 0.0615 | 0.2504 | 0.2174 | 0.0227 |
| 385 | 480,543,773 | 601,391,340 | 479,904,981 | 1,322,187,482 | 842,813,448 | 0.3185 | 0.2732 | 0.3093 | 0.4057 |
| 386 | 479,904,981 | 600,613,414 | 479,259,006 | 1,322,072,454 | 843,337,017 | 0.0564 | 0.2476 | 0.2172 | 0.0225 |
| 387 | 479,259,006 | 599,826,330 | 478,605,980 | 1,321,942,997 | 843,853,273 | 0.0540 | 0.4490 | 0.3227 | 0.0225 |
| 388 | 478,605,980 | 599,029,917 | 477,945,344 | 1,321,798,617 | 844,362,155 | 0.1769 | 0.3284 | 0.3110 | 0.0253 |
| 389 | 477,945,344 | 598,224,041 | 477,276,834 | 1,321,638,989 | 844,863,322 | 0.3091 | 0.2824 | 0.3054 | 0.4050 |
| 390 | 477,276,834 | 597,407,913 | 476,600,768 | 1,321,464,090 | 845,356,824 | 0.0563 | 0.2632 | 0.2149 | 0.4046 |
| 391 | 476,600,768 | 596,582,246 | 475,917,630 | 1,321,274,454 | 845,842,701 | 0.0604 | 0.4360 | 0.2141 | 0.0228 |
| 392 | 475,917,630 | 595,747,069 | 475,227,498 | 1,321,070,199 | 846,320,811 | 0.1946 | 0.2696 | 0.2832 | 0.4044 |
| 393 | 475,227,498 | 594,903,691 | 474,530,913 | 1,320,851,724 | 846,791,933 | 0.0561 | 0.2426 | 0.2143 | 0.0227 |
| 394 | 474,530,913 | 594,051,286 | 473,827,662 | 1,320,619,595 | 847,255,683 | 0.1848 | 0.5141 | 0.3101 | 0.0230 |
| 395 | 473,827,662 | 593,190,642 | 473,118,424 | 1,320,374,107 | 847,712,692 | 0.0550 | 0.5772 | 0.2135 | 0.0453 |
| 396 | 473,118,424 | 592,322,407 | 472,403,540 | 1,320,116,232 | 848,163,472 | 0.0550 | 0.3754 | 0.2137 | 0.0368 |
| 397 | 472,403,540 | 591,446,891 | 471,682,433 | 1,319,845,905 | 848,607,509 | 0.3006 | 0.2991 | 0.2114 | 0.0226 |
| 398 | 471,682,433 | 590,563,591 | 470,955,505 | 1,319,563,014 | 849,044,886 | 0.1864 | 0.3231 | 0.3015 | 0.0242 |
| 399 | 470,955,505 | 589,671,732 | 470,222,308 | 1,319,267,194 | 849,475,659 | 0.1786 | 0.3304 | 0.2999 | 0.0225 |
| 400 | 470,222,308 | 588,772,833 | 469,483,349 | 1,318,959,008 | 849,900,008 | 0.0539 | 0.4512 | 0.3111 | 0.0254 |
| 401 | 469,483,349 | 587,867,311 | 468,739,808 | 1,318,639,816 | 850,318,811 | 0.1735 | 0.5123 | 0.2997 | 0.0226 |
| 402 | 468,739,808 | 586,955,470 | 467,991,335 | 1,318,310,146 | 850,731,949 | 0.0547 | 0.3870 | 0.2117 | 0.0378 |
| 403 | 467,991,335 | 586,037,946 | 467,238,043 | 1,317,969,992 | 851,139,662 | 0.2962 | 0.3001 | 0.2094 | 0.0226 |
| 404 | 467,238,043 | 585,114,720 | 466,480,860 | 1,317,620,522 | 851,542,096 | 0.1819 | 0.6012 | 0.2115 | 0.0226 |
| 405 | 466,480,860 | 584,186,493 | 465,719,367 | 1,317,261,463 | 851,939,499 | 0.0548 | 0.5756 | 0.2116 | 0.0423 |
| 406 | 465,719,367 | 583,252,501 | 464,953,369 | 1,316,892,868 | 852,331,958 | 0.0537 | 0.3175 | 0.2727 | 0.0369 |
| 407 | 464,953,369 | 582,312,981 | 464,183,290 | 1,316,515,248 | 852,719,454 | 0.2994 | 0.3045 | 0.2071 | 0.0224 |
| 408 | 464,183,290 | 581,368,184 | 463,409,142 | 1,316,128,596 | 853,102,376 | 0.0527 | 0.4408 | 0.3102 | 0.0224 |
| 409 | 463,409,142 | 580,418,001 | 462,630,375 | 1,315,732,751 | 853,480,601 | 0.0517 | 0.6279 | 0.3093 | 0.0225 |
| 410 | 462,630,375 | 579,461,454 | 461,847,195 | 1,315,327,796 | 853,853,845 | 0.1953 | 0.2706 | 0.2719 | 0.4038 |
| 411 | 461,847,195 | 578,498,729 | 461,059,355 | 1,314,913,200 | 854,222,370 | 0.0598 | 0.2367 | 0.2088 | 0.0225 |
| 412 | 461,059,355 | 577,530,160 | 460,266,894 | 1,314,489,264 | 854,585,587 | 0.1910 | 0.4114 | 0.2097 | 0.0224 |
| 413 | 460,266,894 | 576,556,477 | 459,470,563 | 1,314,056,150 | 854,943,921 | 0.0516 | 0.6296 | 0.3100 | 0.0240 |
| 414 | 459,470,563 | 575,576,646 | 458,669,693 | 1,313,613,614 | 855,297,296 | 0.0534 | 0.5694 | 0.2086 | 0.0419 |
| 415 | 458,669,693 | 574,590,777 | 457,864,010 | 1,313,161,306 | 855,645,938 | 0.0639 | 0.3577 | 0.2108 | 0.0368 |
| 416 | 457,864,010 | 573,600,018 | 457,054,460 | 1,312,700,398 | 855,989,929 | 0.3107 | 0.2922 | 0.2052 | 0.0324 |
| 417 | 457,054,460 | 572,603,413 | 456,239,994 | 1,312,229,923 | 856,328,842 | 0.1678 | 0.4167 | 0.2077 | 0.0224 |
| 418 | 456,239,994 | 571,599,696 | 455,419,954 | 1,311,748,796 | 856,662,602 | 0.0512 | 0.6271 | 0.3095 | 0.0281 |
| 419 | 455,419,954 | 570,589,386 | 454,594,888 | 1,311,257,490 | 856,991,224 | 0.0523 | 0.3712 | 0.2078 | 0.0367 |
| 420 | 454,594,888 | 569,572,599 | 453,764,579 | 1,310,755,803 | 857,314,721 | 0.0522 | 0.3255 | 0.4281 | 0.0224 |
| 421 | 453,764,579 | 568,549,373 | 452,928,924 | 1,310,243,645 | 857,632,529 | 0.0530 | 0.5883 | 0.3335 | 0.0290 |
| 422 | 452,928,924 | 567,518,982 | 452,088,326 | 1,309,720,855 | 857,944,783 | 0.0541 | 0.3714 | 0.2060 | 0.0365 |
| 423 | 452,088,326 | 566,481,343 | 451,242,035 | 1,309,186,818 | 858,250,828 | 0.0511 | 0.3182 | 0.4303 | 0.0222 |
| 424 | 451,242,035 | 565,436,717 | 450,389,990 | 1,308,640,818 | 858,550,895 | 0.0512 | 0.6286 | 0.3118 | 0.0224 |
| 425 | 450,389,990 | 564,384,943 | 449,532,569 | 1,308,083,464 | 858,844,913 | 0.0521 | 0.3724 | 0.2049 | 0.0365 |
| 426 | 449,532,569 | 563,326,054 | 448,669,581 | 1,307,514,494 | 859,132,579 | 0.3139 | 0.2836 | 0.2041 | 0.0327 |
| 427 | 448,669,581 | 562,260,249 | 447,800,956 | 1,306,933,535 | 859,413,975 | 0.1655 | 0.6074 | 0.2047 | 0.0270 |
| 428 | 447,800,956 | 561,187,540 | 446,926,782 | 1,306,340,757 | 859,689,231 | 0.0522 | 0.3703 | 0.2046 | 0.0443 |
| 429 | 446,926,782 | 560,107,516 | 446,047,042 | 1,305,736,273 | 859,958,440 | 0.2936 | 0.2898 | 0.2016 | 0.0220 |
| 430 | 446,047,042 | 559,020,100 | 445,161,407 | 1,305,119,847 | 860,221,498 | 0.1833 | 0.4053 | 0.2037 | 0.0221 |
| 431 | 445,161,407 | 557,925,560 | 444,270,892 | 1,304,492,390 | 860,478,917 | 0.0509 | 0.6227 | 0.3002 | 0.0222 |
| 432 | 444,270,892 | 556,824,560 | 443,375,685 | 1,303,854,602 | 860,730,544 | 0.0519 | 0.3683 | 0.2027 | 0.0368 |
| 433 | 443,375,685 | 555,717,236 | 442,475,697 | 1,303,206,241 | 860,976,464 | 0.0509 | 0.3183 | 0.4285 | 0.0220 |
| 434 | 442,475,697 | 554,604,282 | 441,572,139 | 1,302,548,603 | 861,217,408 | 0.0508 | 0.4307 | 0.3014 | 0.0221 |
| 435 | 441,572,139 | 553,486,304 | 440,665,032 | 1,301,882,440 | 861,453,475 | 0.1831 | 0.3225 | 0.2793 | 0.0256 |
| 436 | 440,665,032 | 552,364,005 | 439,754,274 | 1,301,207,749 | 861,684,722 | 0.0507 | 0.4312 | 0.3010 | 0.0221 |
| 437 | 439,754,274 | 551,237,143 | 438,839,562 | 1,300,524,284 | 861,911,419 | 0.0507 | 0.6144 | 0.3067 | 0.0222 |
| 438 | 438,839,562 | 550,105,989 | 437,920,915 | 1,299,832,334 | 862,133,338 | 0.0518 | 0.3689 | 0.2010 | 0.0368 |
| 439 | 437,920,915 | 548,970,365 | 436,999,046 | 1,299,132,384 | 862,350,558 | 0.0508 | 0.5066 | 0.4178 | 0.0228 |
| 440 | 436,999,046 | 547,830,605 | 436,073,894 | 1,298,424,452 | 862,563,433 | 0.0529 | 0.3604 | 0.2038 | 0.0434 |
| 441 | 436,073,894 | 546,685,997 | 435,145,200 | 1,297,708,633 | 862,771,964 | 0.1813 | 0.3863 | 0.2109 | 0.0253 |
| 442 | 435,145,200 | 545,536,961 | 434,213,385 | 1,296,985,349 | 862,976,517 | 0.0523 | 0.4229 | 0.3010 | 0.0233 |
| 443 | 434,213,385 | 544,383,092 | 433,278,022 | 1,296,254,539 | 863,176,787 | 0.1767 | 0.3043 | 0.2901 | 0.0242 |
| 444 | 433,278,022 | 543,224,248 | 432,338,662 | 1,295,515,449 | 863,372,353 | 0.1869 | 0.3952 | 0.1989 | 0.0216 |
| 445 | 432,338,662 | 542,060,302 | 431,395,737 | 1,294,768,090 | 863,563,892 | 0.0506 | 0.6170 | 0.3049 | 0.0265 |
| 446 | 431,395,737 | 540,891,811 | 430,449,704 | 1,294,013,596 | 863,751,370 | 0.0557 | 0.2342 | 0.1978 | 0.0358 |
| 447 | 430,449,704 | 539,719,674 | 429,500,619 | 1,293,251,989 | 863,934,802 | 0.2761 | 0.3173 | 0.3091 | 0.0309 |
| 448 | 429,500,619 | 538,542,655 | 428,548,392 | 1,292,483,194 | 864,114,204 | 0.1733 | 0.5917 | 0.1979 | 0.0286 |
| 449 | 428,548,392 | 537,361,709 | 427,593,163 | 1,291,707,367 | 864,289,392 | 0.0493 | 0.3517 | 0.1969 | 0.0365 |
| 450 | 427,593,163 | 536,176,653 | 426,634,904 | 1,290,924,296 | 864,460,494 | 0.1721 | 0.4107 | 0.1970 | 0.0218 |
| 451 | 426,634,904 | 534,987,695 | 425,673,668 | 1,290,134,162 | 864,627,703 | 0.1783 | 0.3984 | 0.1958 | 0.0217 |
| 452 | 425,673,668 | 533,794,618 | 424,709,425 | 1,289,337,128 | 864,791,156 | 0.0493 | 0.6102 | 0.3031 | 0.0235 |
| 453 | 424,709,425 | 532,598,270 | 423,742,886 | 1,288,534,042 | 864,950,928 | 0.0492 | 0.3582 | 0.1959 | 0.0361 |
| 454 | 423,742,886 | 531,397,838 | 422,772,962 | 1,287,723,890 | 865,107,006 | 0.3043 | 0.2743 | 0.1972 | 0.0301 |
| 455 | 422,772,962 | 530,193,232 | 421,800,457 | 1,286,907,463 | 865,259,356 | 0.1719 | 0.4014 | 0.1941 | 0.0216 |
| 456 | 421,800,457 | 528,984,890 | 420,824,706 | 1,286,084,062 | 865,407,948 | 0.0493 | 0.6107 | 0.3017 | 0.0273 |
| 457 | 420,824,706 | 527,772,414 | 419,846,113 | 1,285,254,061 | 865,552,833 | 0.0491 | 0.3572 | 0.1938 | 0.0360 |
| 458 | 419,846,113 | 526,556,570 | 418,864,947 | 1,284,417,780 | 865,694,380 | 0.0489 | 0.3114 | 0.4113 | 0.0216 |
| 459 | 418,864,947 | 525,336,957 | 417,880,344 | 1,283,574,724 | 865,832,297 | 0.0480 | 0.4141 | 0.2978 | 0.0215 |
| 460 | 417,880,344 | 524,112,792 | 416,892,449 | 1,282,724,746 | 865,966,575 | 0.1867 | 0.3847 | 0.1940 | 0.0217 |
| 461 | 416,892,449 | 522,884,735 | 415,901,626 | 1,281,868,201 | 866,097,656 | 0.1843 | 0.3876 | 0.1923 | 0.0216 |
| 462 | 415,901,626 | 521,653,433 | 414,908,891 | 1,281,006,547 | 866,225,738 | 0.0478 | 0.5978 | 0.3052 | 0.0297 |
| 463 | 414,908,891 | 520,418,871 | 413,913,798 | 1,280,139,536 | 866,350,608 | 0.0488 | 0.3578 | 0.1922 | 0.0371 |
| 464 | 413,913,798 | 519,180,830 | 412,915,880 | 1,279,266,488 | 866,472,448 | 0.0490 | 0.3027 | 0.4104 | 0.0214 |
| 465 | 412,915,880 | 517,939,642 | 411,915,677 | 1,278,388,125 | 866,591,508 | 0.0489 | 0.4121 | 0.2959 | 0.0214 |
| 466 | 411,915,677 | 516,695,287 | 410,912,851 | 1,277,504,359 | 866,707,902 | 0.1866 | 0.3889 | 0.1899 | 0.0212 |
| 467 | 410,912,851 | 515,447,662 | 409,907,987 | 1,276,615,889 | 866,821,716 | 0.1770 | 0.3859 | 0.1898 | 0.0214 |
| 468 | 409,907,987 | 514,198,055 | 408,901,629 | 1,275,723,345 | 866,933,106 | 0.0478 | 0.6019 | 0.3033 | 0.0254 |
| 469 | 408,901,629 | 512,946,213 | 407,892,864 | 1,274,825,970 | 867,042,156 | 0.0477 | 0.3560 | 0.1880 | 0.0409 |
| 470 | 407,892,864 | 511,691,934 | 406,882,691 | 1,273,924,847 | 867,149,084 | 0.0476 | 0.3115 | 0.3947 | 0.0213 |
| 471 | 406,882,691 | 510,435,882 | 405,870,972 | 1,273,020,056 | 867,253,838 | 0.0477 | 0.4048 | 0.3003 | 0.0213 |
| 472 | 405,870,972 | 509,177,886 | 404,858,078 | 1,272,111,916 | 867,356,562 | 0.1840 | 0.3851 | 0.1867 | 0.0213 |
| 473 | 404,858,078 | 507,918,448 | 403,844,128 | 1,271,200,690 | 867,457,542 | 0.1777 | 0.3882 | 0.1869 | 0.0214 |
| 474 | 403,844,128 | 506,657,496 | 402,829,165 | 1,270,286,707 | 867,556,753 | 0.0495 | 0.5927 | 0.2941 | 0.0213 |
| 475 | 402,829,165 | 505,395,621 | 401,813,769 | 1,269,370,522 | 867,654,202 | 0.0475 | 0.3542 | 0.1868 | 0.0358 |
| 476 | 401,813,769 | 504,132,999 | 400,797,984 | 1,268,452,186 | 867,750,081 | 0.0475 | 0.3039 | 0.3961 | 0.0243 |
| 477 | 400,797,984 | 502,870,439 | 399,781,868 | 1,267,531,949 | 867,844,399 | 0.0454 | 0.4122 | 0.2920 | 0.0269 |
| 478 | 399,781,868 | 501,607,261 | 398,765,066 | 1,266,609,465 | 867,937,368 | 0.1703 | 0.3899 | 0.1840 | 0.0214 |
| 479 | 398,765,066 | 500,343,419 | 397,747,888 | 1,265,685,256 | 868,028,998 | 0.1745 | 0.3820 | 0.1838 | 0.0211 |
| 480 | 397,747,888 | 499,079,037 | 396,729,872 | 1,264,758,870 | 868,119,241 | 0.0452 | 0.5920 | 0.2987 | 0.0211 |
| 481 | 396,729,872 | 497,813,492 | 395,710,976 | 1,263,830,217 | 868,208,177 | 0.0453 | 0.3511 | 0.1828 | 0.0356 |
| 482 | 395,710,976 | 496,546,783 | 394,691,310 | 1,262,899,487 | 868,295,766 | 0.0471 | 0.3054 | 0.3951 | 0.0210 |
| 483 | 394,691,310 | 495,279,550 | 393,671,632 | 1,261,967,398 | 868,382,060 | 0.0452 | 0.4049 | 0.2900 | 0.0210 |
| 484 | 393,671,632 | 494,012,307 | 392,652,123 | 1,261,034,183 | 868,467,288 | 0.1847 | 0.3797 | 0.1821 | 0.0246 |
| 485 | 392,652,123 | 492,745,225 | 391,632,560 | 1,260,099,848 | 868,551,256 | 0.1762 | 0.3756 | 0.1821 | 0.0256 |
| 486 | 391,632,560 | 491,478,376 | 390,613,174 | 1,259,164,430 | 868,633,924 | 0.0451 | 0.5915 | 0.2869 | 0.0232 |
| 487 | 390,613,174 | 490,210,908 | 389,593,313 | 1,258,227,237 | 868,715,309 | 0.0451 | 0.3428 | 0.1810 | 0.0356 |
| 488 | 389,593,313 | 488,942,155 | 388,572,638 | 1,257,287,947 | 868,795,225 | 0.0494 | 0.4604 | 0.4140 | 0.0221 |
| 489 | 388,572,638 | 487,672,646 | 387,551,539 | 1,256,346,764 | 868,873,629 | 0.0450 | 0.3636 | 0.1806 | 0.0264 |
| 490 | 387,551,539 | 486,402,323 | 386,529,484 | 1,255,403,113 | 868,950,579 | 0.0545 | 0.3926 | 0.2763 | 0.0211 |
| 491 | 386,529,484 | 485,131,009 | 385,505,870 | 1,254,456,449 | 869,026,049 | 0.1772 | 0.2550 | 0.1799 | 0.0208 |
| 492 | 385,505,870 | 483,858,359 | 384,481,055 | 1,253,507,104 | 869,099,991 | 0.0480 | 0.3978 | 0.4078 | 0.0262 |
| 493 | 384,481,055 | 482,583,798 | 383,454,824 | 1,252,554,815 | 869,172,273 | 0.0449 | 0.3989 | 0.2777 | 0.0209 |
| 494 | 383,454,824 | 481,307,247 | 382,427,554 | 1,251,599,827 | 869,242,935 | 0.0447 | 0.3978 | 0.2842 | 0.0211 |
| 495 | 382,427,554 | 480,029,029 | 381,398,921 | 1,250,641,856 | 869,311,999 | 0.1843 | 0.5495 | 0.1780 | 0.0210 |
| 496 | 381,398,921 | 478,748,782 | 380,369,581 | 1,249,681,580 | 869,379,490 | 0.0447 | 0.2436 | 0.1769 | 0.0207 |
| 497 | 380,369,581 | 477,467,826 | 379,339,598 | 1,248,719,088 | 869,445,316 | 0.2872 | 0.5552 | 0.1771 | 0.0208 |
| 498 | 379,339,598 | 476,185,975 | 378,308,554 | 1,247,753,870 | 869,509,501 | 0.0446 | 0.5392 | 0.1761 | 0.0207 |
| 499 | 378,308,554 | 474,902,596 | 377,277,027 | 1,246,786,528 | 869,572,056 | 0.0457 | 0.5317 | 0.1758 | 0.0207 |
| 500 | 377,277,027 | 473,618,685 | 376,245,094 | 1,245,817,150 | 869,633,024 | 0.0447 | 0.2377 | 0.1754 | 0.0209 |
| 501 | 376,245,094 | 472,334,104 | 375,212,635 | 1,244,845,659 | 869,692,655 | 0.0467 | 0.2688 | 0.4038 | 0.0207 |
| 502 | 375,212,635 | 471,049,372 | 374,179,717 | 1,243,872,372 | 869,750,805 | 0.0466 | 0.2762 | 0.4059 | 0.0208 |
| 503 | 374,179,717 | 469,763,870 | 373,146,200 | 1,242,897,005 | 869,807,392 | 0.0435 | 0.5769 | 0.3966 | 0.0261 |
| 504 | 373,146,200 | 468,477,847 | 372,112,113 | 1,241,919,505 | 869,862,451 | 0.0424 | 0.2385 | 0.1677 | 0.0205 |
| 505 | 372,112,113 | 467,190,977 | 371,077,291 | 1,240,939,742 | 869,916,044 | 0.0529 | 0.2772 | 0.3882 | 0.0206 |
| 506 | 371,077,291 | 465,902,590 | 370,041,328 | 1,239,957,372 | 869,968,068 | 0.0458 | 0.5566 | 0.3986 | 0.0443 |
| 507 | 370,041,328 | 464,613,281 | 369,004,656 | 1,238,972,724 | 870,018,725 | 0.0423 | 0.5330 | 0.1680 | 0.0205 |
| 508 | 369,004,656 | 463,322,751 | 367,967,412 | 1,237,986,137 | 870,068,051 | 0.0423 | 0.5408 | 0.1667 | 0.0204 |
| 509 | 367,967,412 | 462,031,426 | 366,929,779 | 1,236,997,830 | 870,115,679 | 0.0421 | 0.5346 | 0.1687 | 0.0255 |
| 510 | 366,929,779 | 460,740,094 | 365,892,269 | 1,236,007,948 | 870,161,799 | 0.0422 | 0.5316 | 0.1659 | 0.0204 |
| 511 | 365,892,269 | 459,448,638 | 364,854,888 | 1,235,016,687 | 870,206,526 | 0.0423 | 0.5419 | 0.1656 | 0.0206 |
| 512 | 364,854,888 | 458,156,476 | 363,816,822 | 1,234,023,348 | 870,249,811 | 0.0421 | 0.5335 | 0.1657 | 0.0269 |
| 513 | 363,816,822 | 456,863,678 | 362,777,560 | 1,233,027,371 | 870,291,721 | 0.0463 | 0.5218 | 0.1659 | 0.0204 |
| 514 | 362,777,560 | 455,569,636 | 361,737,656 | 1,232,029,377 | 870,332,297 | 0.0421 | 0.5323 | 0.1637 | 0.0205 |
| 515 | 361,737,656 | 454,274,277 | 360,697,054 | 1,231,029,351 | 870,371,546 | 0.0421 | 0.5312 | 0.1638 | 0.0269 |
| 516 | 360,697,054 | 452,978,237 | 359,656,060 | 1,230,027,606 | 870,409,631 | 0.0452 | 0.5221 | 0.1630 | 0.0204 |
| 517 | 359,656,060 | 451,682,284 | 358,615,337 | 1,229,024,968 | 870,446,743 | 0.0416 | 0.5334 | 0.1633 | 0.0205 |
| 518 | 358,615,337 | 450,386,692 | 357,574,759 | 1,228,021,502 | 870,482,799 | 0.0419 | 0.5333 | 0.1627 | 0.0269 |
| 519 | 357,574,759 | 449,091,101 | 356,534,218 | 1,227,017,017 | 870,517,777 | 0.0451 | 0.5229 | 0.1616 | 0.0203 |
| 520 | 356,534,218 | 447,796,111 | 355,494,420 | 1,226,012,197 | 870,551,735 | 0.0418 | 0.5309 | 0.1620 | 0.0203 |
| 521 | 355,494,420 | 446,502,158 | 354,455,215 | 1,225,006,950 | 870,584,664 | 0.0419 | 0.5328 | 0.1624 | 0.0268 |
| 522 | 354,455,215 | 445,208,966 | 353,416,534 | 1,224,001,198 | 870,616,600 | 0.0449 | 0.5163 | 0.1607 | 0.0202 |
| 523 | 353,416,534 | 443,916,351 | 352,378,684 | 1,222,995,284 | 870,647,527 | 0.0417 | 0.5316 | 0.1610 | 0.0265 |
| 524 | 352,378,684 | 442,624,638 | 351,340,954 | 1,221,988,481 | 870,677,378 | 0.0420 | 0.5230 | 0.1625 | 0.0264 |
| 525 | 351,340,954 | 441,332,998 | 350,303,317 | 1,220,980,695 | 870,706,095 | 0.0526 | 0.5068 | 0.1612 | 0.0213 |
| 526 | 350,303,317 | 440,041,047 | 349,265,616 | 1,219,971,711 | 870,733,717 | 0.0444 | 0.5243 | 0.1615 | 0.0214 |
| 527 | 349,265,616 | 438,748,549 | 348,227,580 | 1,218,961,297 | 870,760,258 | 0.0430 | 0.5255 | 0.1604 | 0.0282 |
| 528 | 348,227,580 | 437,455,998 | 347,189,858 | 1,217,950,116 | 870,785,942 | 0.0495 | 0.5088 | 0.1602 | 0.0214 |
| 529 | 347,189,858 | 436,163,577 | 346,152,382 | 1,216,938,324 | 870,810,609 | 0.0521 | 0.5068 | 0.1663 | 0.0205 |
| 530 | 346,152,382 | 434,871,474 | 345,115,107 | 1,215,925,716 | 870,834,361 | 0.0415 | 0.5224 | 0.1589 | 0.0265 |
| 531 | 345,115,107 | 433,579,704 | 344,078,553 | 1,214,912,914 | 870,857,317 | 0.0436 | 0.5122 | 0.1579 | 0.0200 |
| 532 | 344,078,553 | 432,288,559 | 343,042,500 | 1,213,899,817 | 870,879,455 | 0.0405 | 0.5300 | 0.1568 | 0.0199 |
| 533 | 343,042,500 | 430,998,585 | 342,007,052 | 1,212,886,507 | 870,900,902 | 0.0404 | 0.5252 | 0.1610 | 0.0259 |
| 534 | 342,007,052 | 429,709,972 | 340,972,598 | 1,211,873,500 | 870,921,601 | 0.0434 | 0.5142 | 0.1563 | 0.0197 |
| 535 | 340,972,598 | 428,422,389 | 339,939,449 | 1,210,861,050 | 870,941,510 | 0.0404 | 0.5265 | 0.1569 | 0.0197 |
| 536 | 339,939,449 | 427,136,243 | 338,907,017 | 1,209,848,527 | 870,960,720 | 0.0405 | 0.5269 | 0.1556 | 0.0259 |
| 537 | 338,907,017 | 425,850,935 | 337,874,916 | 1,208,835,636 | 870,979,201 | 0.0434 | 0.2230 | 0.1550 | 0.0197 |
| 538 | 337,874,916 | 424,566,234 | 336,843,682 | 1,207,822,883 | 870,996,961 | 0.0466 | 0.5065 | 0.1538 | 0.4063 |
| 539 | 336,843,682 | 423,282,987 | 335,813,807 | 1,206,810,768 | 871,014,156 | 0.0401 | 0.3742 | 0.1549 | 0.0262 |
| 540 | 335,813,807 | 422,000,730 | 334,784,815 | 1,205,798,971 | 871,030,802 | 0.0432 | 0.2275 | 0.1528 | 0.0218 |
| 541 | 334,784,815 | 420,719,015 | 333,756,278 | 1,204,787,080 | 871,046,790 | 0.0402 | 0.2202 | 0.3648 | 0.0197 |
| 542 | 333,756,278 | 419,438,013 | 332,728,430 | 1,203,775,220 | 871,062,159 | 0.0821 | 0.2694 | 0.3819 | 0.0195 |
| 543 | 332,728,430 | 418,157,781 | 331,701,526 | 1,202,763,685 | 871,077,006 | 0.0458 | 0.4983 | 0.1543 | 0.4059 |
| 544 | 331,701,526 | 416,878,019 | 330,675,039 | 1,201,752,045 | 871,091,246 | 0.0397 | 0.3760 | 0.1534 | 0.0197 |
| 545 | 330,675,039 | 415,598,905 | 329,648,985 | 1,200,740,231 | 871,104,974 | 0.0400 | 0.2349 | 0.1518 | 0.0255 |
| 546 | 329,648,985 | 414,320,444 | 328,623,971 | 1,199,728,945 | 871,118,320 | 0.2657 | 0.5304 | 0.1508 | 0.0198 |
| 547 | 328,623,971 | 413,043,422 | 327,600,027 | 1,198,718,347 | 871,131,218 | 0.0400 | 0.2408 | 0.1512 | 0.0215 |
| 548 | 327,600,027 | 411,766,885 | 326,576,787 | 1,197,708,005 | 871,143,692 | 0.0399 | 0.5433 | 0.3693 | 0.0195 |
| 549 | 326,576,787 | 410,491,114 | 325,554,615 | 1,196,698,307 | 871,155,803 | 0.0387 | 0.1877 | 0.1500 | 0.0194 |
| 550 | 325,554,615 | 409,216,431 | 324,533,006 | 1,195,688,809 | 871,167,501 | 0.0725 | 0.2663 | 0.3851 | 0.0194 |
| 551 | 324,533,006 | 407,943,200 | 323,512,664 | 1,194,680,165 | 871,178,786 | 0.0388 | 0.2750 | 0.3713 | 0.0210 |
| 552 | 323,512,664 | 406,671,546 | 322,493,326 | 1,193,672,112 | 871,189,752 | 0.0377 | 0.2171 | 0.3526 | 0.0194 |
| 553 | 322,493,326 | 405,400,335 | 321,474,178 | 1,192,663,930 | 871,200,431 | 0.0712 | 0.3072 | 0.3868 | 0.0527 |
| 554 | 321,474,178 | 404,129,512 | 320,455,570 | 1,191,656,001 | 871,210,718 | 0.0430 | 0.4059 | 0.1509 | 0.0258 |
| 555 | 320,455,570 | 402,859,265 | 319,437,866 | 1,190,648,584 | 871,220,682 | 0.0367 | 0.5016 | 0.1457 | 0.3784 |
| 556 | 319,437,866 | 401,589,968 | 318,421,351 | 1,189,642,033 | 871,230,234 | 0.0385 | 0.3771 | 0.1493 | 0.0196 |
| 557 | 318,421,351 | 400,322,186 | 317,405,912 | 1,188,636,146 | 871,239,398 | 0.0365 | 0.5093 | 0.1522 | 0.0194 |
| 558 | 317,405,912 | 399,055,344 | 316,391,471 | 1,187,630,869 | 871,248,185 | 0.0375 | 0.2424 | 0.1460 | 0.0212 |
| 559 | 316,391,471 | 397,789,656 | 315,378,461 | 1,186,626,646 | 871,256,583 | 0.0364 | 0.2664 | 0.3569 | 0.0215 |
| 560 | 315,378,461 | 396,525,835 | 314,366,713 | 1,185,623,296 | 871,264,598 | 0.2641 | 0.5258 | 0.1464 | 0.0193 |
| 561 | 314,366,713 | 395,263,715 | 313,356,607 | 1,184,621,205 | 871,272,273 | 0.0363 | 0.5093 | 0.1452 | 0.0192 |
| 562 | 313,356,607 | 394,003,796 | 312,347,937 | 1,183,620,210 | 871,279,641 | 0.0363 | 0.1814 | 0.1450 | 0.0192 |
| 563 | 312,347,937 | 392,746,111 | 311,340,956 | 1,182,620,597 | 871,286,681 | 0.0751 | 0.2142 | 0.3748 | 0.0287 |
| 564 | 311,340,956 | 391,490,255 | 310,334,839 | 1,181,621,520 | 871,293,332 | 0.0363 | 0.5384 | 0.1502 | 0.3769 |
| 565 | 310,334,839 | 390,235,451 | 309,330,196 | 1,180,623,528 | 871,299,562 | 0.0371 | 0.0419 | 0.1453 | 0.0194 |
| 566 | 309,330,196 | 388,982,022 | 308,326,922 | 1,179,626,484 | 871,305,415 | 0.0845 | 0.2698 | 0.3749 | 0.0212 |
| 567 | 308,326,922 | 387,730,245 | 307,324,690 | 1,178,630,105 | 871,310,930 | 0.0362 | 0.4955 | 0.1439 | 0.3692 |
| 568 | 307,324,690 | 386,479,952 | 306,323,952 | 1,177,634,882 | 871,316,153 | 0.0359 | 0.0420 | 0.1432 | 0.0192 |
| 569 | 306,323,952 | 385,231,581 | 305,324,628 | 1,176,640,781 | 871,321,045 | 0.0374 | 0.5348 | 0.1839 | 0.3615 |
| 570 | 305,324,628 | 383,984,796 | 304,326,307 | 1,175,647,352 | 871,325,589 | 0.0363 | 0.0405 | 0.1458 | 0.0208 |
| 571 | 304,326,307 | 382,738,288 | 303,328,455 | 1,174,654,044 | 871,329,752 | 0.0781 | 0.5319 | 0.3699 | 0.0241 |
| 572 | 303,328,455 | 381,492,254 | 302,331,502 | 1,173,661,254 | 871,333,557 | 0.0454 | 0.2408 | 0.1534 | 0.0189 |
| 573 | 302,331,502 | 380,247,361 | 301,335,684 | 1,172,669,241 | 871,337,070 | 0.0357 | 0.4705 | 0.1421 | 0.3611 |
| 574 | 301,335,684 | 379,004,047 | 300,341,149 | 1,171,678,219 | 871,340,263 | 0.0357 | 0.0408 | 0.1414 | 0.0193 |
| 575 | 300,341,149 | 377,762,317 | 299,347,834 | 1,170,688,097 | 871,343,207 | 0.0831 | 0.2668 | 0.3751 | 0.0208 |
| 576 | 299,347,834 | 376,522,328 | 298,356,002 | 1,169,699,209 | 871,345,911 | 0.0360 | 0.4948 | 0.1396 | 0.3578 |
| 577 | 298,356,002 | 375,284,591 | 297,366,116 | 1,168,712,027 | 871,348,336 | 0.0388 | 0.0407 | 0.1406 | 0.0191 |
| 578 | 297,366,116 | 374,048,897 | 296,377,682 | 1,167,726,018 | 871,350,514 | 0.0925 | 0.5097 | 0.1449 | 0.3524 |
| 579 | 296,377,682 | 372,814,383 | 295,390,445 | 1,166,740,959 | 871,352,489 | 0.0359 | 0.3826 | 0.1407 | 0.0191 |
| 580 | 295,390,445 | 371,581,306 | 294,404,621 | 1,165,757,110 | 871,354,232 | 0.0357 | 0.2373 | 0.1382 | 0.0207 |
| 581 | 294,404,621 | 370,350,176 | 293,420,090 | 1,164,774,322 | 871,355,778 | 0.0356 | 0.4114 | 0.1373 | 0.0261 |
| 582 | 293,420,090 | 369,120,984 | 292,437,341 | 1,163,793,119 | 871,357,195 | 0.0577 | 0.2676 | 0.3629 | 0.0207 |
| 583 | 292,437,341 | 367,893,732 | 291,456,177 | 1,162,813,372 | 871,358,455 | 0.0362 | 0.4093 | 0.1375 | 0.0191 |
| 584 | 291,456,177 | 366,668,109 | 290,476,276 | 1,161,834,731 | 871,359,576 | 0.0670 | 0.2034 | 0.3696 | 0.0189 |
| 585 | 290,476,276 | 365,444,181 | 289,497,801 | 1,160,857,377 | 871,360,560 | 0.0398 | 0.5231 | 0.1412 | 0.3614 |
| 586 | 289,497,801 | 364,222,211 | 288,520,965 | 1,159,881,525 | 871,361,406 | 0.0405 | 0.0399 | 0.1365 | 0.0190 |
| 587 | 288,520,965 | 363,001,691 | 287,545,016 | 1,158,906,422 | 871,362,133 | 0.0355 | 0.5228 | 0.1687 | 0.3583 |
| 588 | 287,545,016 | 361,782,525 | 286,570,216 | 1,157,932,349 | 871,362,758 | 0.0441 | 0.0461 | 0.1378 | 0.0200 |
| 589 | 286,570,216 | 360,564,464 | 285,596,388 | 1,156,959,146 | 871,363,292 | 0.0419 | 0.5035 | 0.1346 | 0.3454 |
| 590 | 285,596,388 | 359,347,246 | 284,623,648 | 1,155,986,940 | 871,363,765 | 0.0351 | 0.3806 | 0.1356 | 0.0187 |
| 591 | 284,623,648 | 358,131,777 | 283,652,426 | 1,155,016,191 | 871,364,161 | 0.0344 | 0.2428 | 0.1372 | 0.0189 |
| 592 | 283,652,426 | 356,918,442 | 282,682,982 | 1,154,047,143 | 871,364,477 | 0.0344 | 0.4710 | 0.1346 | 0.3501 |
| 593 | 282,682,982 | 355,707,226 | 281,715,125 | 1,153,079,602 | 871,364,740 | 0.0342 | 0.3814 | 0.1333 | 0.0186 |
| 594 | 281,715,125 | 354,497,927 | 280,748,771 | 1,152,113,511 | 871,364,950 | 0.0352 | 0.1777 | 0.1334 | 0.0195 |
| 595 | 280,748,771 | 353,291,250 | 279,784,537 | 1,151,149,487 | 871,365,118 | 0.0459 | 0.5191 | 0.1349 | 0.3466 |
| 596 | 279,784,537 | 352,087,071 | 278,821,884 | 1,150,187,002 | 871,365,256 | 0.0341 | 0.3819 | 0.1326 | 0.0185 |
| 597 | 278,821,884 | 350,884,515 | 277,860,840 | 1,149,226,096 | 871,365,372 | 0.0331 | 0.2390 | 0.1329 | 0.0272 |
| 598 | 277,860,840 | 349,683,828 | 276,901,442 | 1,148,266,814 | 871,365,464 | 0.0331 | 0.4652 | 0.1329 | 0.3411 |
| 599 | 276,901,442 | 348,484,588 | 275,943,212 | 1,147,308,676 | 871,365,538 | 0.0339 | 0.0401 | 0.1316 | 0.0189 |
| 600 | 275,943,212 | 347,286,945 | 274,985,878 | 1,146,351,416 | 871,365,595 | 0.0331 | 0.4534 | 0.1704 | 0.0184 |
| 601 | 274,985,878 | 346,090,838 | 274,030,218 | 1,145,395,813 | 871,365,636 | 0.0330 | 0.5223 | 0.1405 | 0.3423 |
| 602 | 274,030,218 | 344,896,600 | 273,076,366 | 1,144,442,002 | 871,365,664 | 0.0339 | 0.0403 | 0.1304 | 0.0191 |
| 603 | 273,076,366 | 343,704,646 | 272,124,409 | 1,143,490,073 | 871,365,679 | 0.0331 | 0.4862 | 0.1293 | 0.0184 |
| 604 | 272,124,409 | 342,514,578 | 271,174,097 | 1,142,539,776 | 871,365,686 | 0.0331 | 0.5325 | 0.1366 | 0.3296 |
| 605 | 271,174,097 | 341,325,822 | 270,225,063 | 1,141,590,749 | 871,365,688 | 0.0337 | 0.0403 | 0.1295 | 0.0188 |
| 606 | 270,225,063 | 340,138,986 | 269,277,792 | 1,140,643,480 | 871,365,688 | 0.0328 | 0.4566 | 0.1654 | 0.0183 |